/*--------------------------------*- C++ -*----------------------------------*\
| =========                 |                                                 |
| \\      /  F ield         | OpenFOAM: The Open Source CFD Toolbox           |
|  \\    /   O peration     | Version:  2312                                  |
|   \\  /    A nd           | Website:  www.openfoam.com                      |
|    \\/     M anipulation  |                                                 |
\*---------------------------------------------------------------------------*/
FoamFile
{
    version     2.0;
    format      ascii;
    arch        "LSB;label=32;scalar=64";
    class       volScalarField;
    location    "9";
    object      T;
}
// * * * * * * * * * * * * * * * * * * * * * * * * * * * * * * * * * * * * * //

dimensions      [0 0 0 1 0 0 0];

internalField   nonuniform List<scalar> 
4000
(
312.47909
311.77979
311.64199
311.6038
311.55951
311.52975
311.50097
311.47571
311.45122
311.42875
311.40619
311.38513
311.36377
311.34353
311.32302
311.30331
311.28341
311.26406
311.24464
311.22555
311.20651
311.18761
311.16888
311.15011
311.13164
311.11298
311.09472
311.07614
311.05807
311.03955
311.02165
311.00317
310.98542
310.96697
310.94935
310.93091
310.91343
310.89499
310.87763
310.85918
310.84195
310.82347
310.80636
310.78783
310.77088
310.75226
310.7355
310.71672
310.70029
310.68087
313.66709
312.5387
312.16575
312.0854
311.98752
311.9329
311.88128
311.84017
311.80141
311.76863
311.73566
311.70714
311.67776
311.6517
311.62484
311.60036
311.57536
311.55197
311.5284
311.50579
311.48335
311.4613
311.43978
311.41816
311.3974
311.3761
311.356
311.33493
311.31539
311.2945
311.27546
311.2547
311.23611
311.21542
311.19724
311.1766
311.15881
311.13817
311.12076
311.10008
311.08305
311.06228
311.04565
311.02472
311.00854
310.98735
310.97175
310.95006
310.93545
310.91193
314.40045
313.26837
312.68511
312.56364
312.41358
312.3344
312.26028
312.20342
312.15055
312.10751
312.06424
312.02826
311.99094
311.95905
311.92591
311.89665
311.8666
311.83916
311.81148
311.78533
311.75952
311.73432
311.71005
311.68555
311.66255
311.63859
311.61666
311.5931
311.57211
311.54884
311.52868
311.50562
311.48621
311.46328
311.44456
311.4217
311.40363
311.38078
311.36333
311.34041
311.3236
311.30053
311.28438
311.26105
311.24565
311.22189
311.20743
311.18285
311.17003
311.14262
314.88589
313.94387
313.19251
313.03389
312.83479
312.73202
312.63626
312.56396
312.49742
312.44421
312.39092
312.34752
312.30246
312.26475
312.22548
312.19144
312.15646
312.12495
312.09325
312.06355
312.03447
312.0061
311.97913
311.95175
311.92656
311.89992
311.87622
311.85015
311.82775
311.80209
311.78085
311.75548
311.73528
311.71011
311.69087
311.66579
311.64745
311.62238
311.60491
311.57975
311.56317
311.5378
311.52214
311.49641
311.48179
311.45546
311.44217
311.41471
311.40364
311.37263
315.22194
314.54309
313.6781
313.48995
313.24715
313.12274
313.00684
312.9198
312.84032
312.77724
312.71438
312.6637
312.61122
312.56777
312.52261
312.48383
312.44409
312.40854
312.37298
312.33974
312.30749
312.27595
312.2464
312.21613
312.18882
312.15951
312.13411
312.10552
312.08178
312.05372
312.03146
312.00377
311.98283
311.9554
311.93568
311.90837
311.8898
311.86251
311.84506
311.81765
311.80132
311.77365
311.7585
311.73038
311.71656
311.68768
311.67552
311.64524
311.63582
311.60157
315.46214
315.05259
314.13173
313.92456
313.64589
313.50293
313.36915
313.26854
313.17722
313.10479
313.03303
312.97536
312.91593
312.86689
312.81618
312.77275
312.72854
312.689
312.64979
312.61304
312.57781
312.54312
312.51112
312.47798
312.44868
312.4167
312.38971
312.35861
312.33361
312.30316
312.27993
312.24994
312.22831
312.19863
312.17848
312.14896
312.1302
312.10069
312.08328
312.05365
312.03759
312.00765
311.99302
311.96253
311.94949
311.91811
311.90707
311.87404
311.86614
311.82901
315.63752
315.46578
314.54413
314.33021
314.02585
313.86851
313.71992
313.60745
313.50579
313.42479
313.34507
313.28083
313.21508
313.16073
313.10494
313.05704
313.00871
312.96529
312.92271
312.88254
312.84454
312.80677
312.77251
312.73653
312.7054
312.67079
312.64232
312.60873
312.58258
312.54976
312.52567
312.49339
312.47116
312.43925
312.41873
312.38701
312.36811
312.33641
312.31909
312.28724
312.27149
312.2393
312.2252
312.19239
312.18014
312.14631
312.13633
312.10069
312.09414
312.0545
315.76796
315.78456
314.90869
314.69999
314.38193
314.21527
314.05567
313.93359
313.82349
313.73501
313.64849
313.57832
313.50707
313.4478
313.38752
313.3354
313.28339
313.23629
313.19068
313.14722
313.10674
313.06598
313.02968
312.99096
312.95817
312.921
312.8912
312.8552
312.82802
312.79288
312.76802
312.73351
312.71075
312.67665
312.65583
312.62196
312.60297
312.56913
312.55193
312.51793
312.50251
312.46812
312.45457
312.4195
312.40801
312.37183
312.36286
312.32477
312.31937
312.27756
315.86685
316.01685
315.22163
315.0285
314.70965
314.53919
314.37297
314.24399
314.12771
314.03314
313.94123
313.86596
313.79016
313.7265
313.66244
313.60648
313.55132
313.5008
313.45259
313.40604
313.3634
313.31981
313.28175
313.2404
313.20618
313.16653
313.1356
313.09725
313.0692
313.03181
313.00632
312.96963
312.94645
312.91023
312.8892
312.85323
312.83423
312.7983
312.78127
312.74518
312.73012
312.69361
312.6806
312.64337
312.63262
312.59421
312.58616
312.54581
312.54136
312.4977
315.94359
316.17524
315.48259
315.31264
315.00544
314.83673
314.66864
314.53583
314.41591
314.3169
314.22122
314.14185
314.06263
313.99525
313.92822
313.86889
313.81121
313.75761
313.70728
313.65789
313.61348
313.56727
313.52775
313.48394
313.44854
313.40656
313.37471
313.33413
313.30538
313.26585
313.23986
313.2011
313.17762
313.13936
313.11821
313.08023
313.06128
313.02336
313.00655
312.96845
312.95378
312.91525
312.9028
312.86351
312.85347
312.81298
312.80576
312.76338
312.75968
312.71446
316.00472
316.27445
315.69394
315.5518
315.26697
315.10516
314.93997
314.80659
314.68573
314.58414
314.48646
314.40416
314.32276
314.25246
314.18338
314.12125
314.06174
314.00549
313.95358
313.90169
313.85595
313.80736
313.76674
313.72068
313.68439
313.64027
313.60772
313.56507
313.53581
313.49428
313.46795
313.42723
313.40358
313.3634
313.34223
313.30236
313.28354
313.24373
313.2272
313.18721
313.17295
313.13253
313.12062
313.07943
313.07005
313.02767
313.02117
312.977
312.97388
312.92735
316.05499
316.32991
315.86052
315.74772
315.49325
315.34274
315.18497
315.05424
314.93518
314.83299
314.73516
314.65122
314.56899
314.49666
314.42652
314.36224
314.30167
314.24326
314.19037
314.13636
314.08976
314.03912
313.99778
313.94973
313.91286
313.86681
313.83382
313.7893
313.75974
313.71638
313.68989
313.64737
313.62368
313.58173
313.56065
313.51902
313.50041
313.45885
313.44265
313.40092
313.3871
313.34493
313.33356
313.29064
313.28188
313.23781
313.23192
313.18622
313.18352
313.1359
316.09756
316.35571
315.98857
315.90397
315.68471
315.54888
315.40246
315.27737
315.16272
315.06192
314.96582
314.88159
314.79989
314.72651
314.65636
314.59065
314.52982
314.46981
314.41657
314.36089
314.31394
314.26161
314.21996
314.17022
314.13311
314.08538
314.05224
314.00607
313.97644
313.93144
313.90497
313.86084
313.83727
313.79371
313.77284
313.72962
313.71131
313.66817
313.65235
313.60904
313.59569
313.55196
313.54112
313.49666
313.48846
313.44292
313.43756
313.39057
313.38817
313.33966
316.1347
316.36376
316.08499
316.0254
315.84312
315.72415
315.59215
315.47527
315.36739
315.26985
315.17729
315.09413
315.01433
314.9409
314.87178
314.80541
314.74514
314.68414
314.63121
314.57436
314.52758
314.47396
314.43243
314.38134
314.34435
314.29524
314.26224
314.21467
314.1852
314.13881
314.11256
314.06702
314.04372
313.99876
313.97822
313.9336
313.91567
313.87114
313.85576
313.81107
313.7982
313.75311
313.74279
313.69701
313.68932
313.64255
313.63762
313.58961
313.58741
313.53821
316.16774
316.36291
316.15654
316.11757
315.97138
315.8702
315.75465
315.64797
315.54882
315.45625
315.36885
315.28803
315.21143
315.13895
315.07189
315.00566
314.94677
314.88541
314.83345
314.77593
314.72988
314.6754
314.63444
314.58237
314.54586
314.49569
314.46311
314.41444
314.38539
314.33785
314.31202
314.26532
314.24244
314.19632
314.17622
314.13042
314.11297
314.06726
314.05237
314.00651
313.99416
313.94792
313.93811
313.89124
313.88402
313.83627
313.83169
313.7829
313.78084
313.73112
316.19766
316.35929
316.20937
316.18619
316.07314
315.98953
315.8914
315.79623
315.7073
315.62107
315.54022
315.46292
315.39069
315.3201
315.25606
315.19074
315.13402
315.07295
315.0226
314.96495
314.92015
314.86527
314.82531
314.77266
314.73698
314.68611
314.65426
314.60479
314.57641
314.52801
314.50279
314.45519
314.43291
314.38585
314.36633
314.31958
314.30269
314.25604
314.2417
314.19491
314.18309
314.13595
314.12663
314.07892
314.07213
314.02365
314.01937
313.97004
313.96808
313.91801
316.22496
316.35638
316.24868
316.23667
316.15249
316.08525
316.00449
315.92145
315.84367
315.76481
315.6916
315.6188
315.55193
315.4841
315.42395
315.36027
315.30644
315.24627
315.19814
315.14091
315.09785
315.04305
315.00451
314.95169
314.9172
314.86599
314.83516
314.78522
314.75774
314.70878
314.68438
314.63616
314.61462
314.5669
314.54808
314.50064
314.48441
314.43705
314.42333
314.37585
314.36459
314.31679
314.30797
314.25967
314.25327
314.20432
314.20029
314.15064
314.14876
314.09854
316.25006
316.35593
316.27865
316.27375
316.21355
316.1608
316.09652
316.02557
315.95932
315.88846
315.82364
315.75608
315.69537
315.63102
315.57548
315.5141
315.46381
315.40513
315.35978
315.30347
315.26264
315.20835
315.17164
315.11905
315.0861
315.0349
315.00539
314.95531
314.92897
314.87976
314.85637
314.80782
314.78719
314.73908
314.72107
314.67321
314.65771
314.60992
314.59686
314.54895
314.53827
314.49008
314.48175
314.43312
314.42709
314.37792
314.3741
314.32438
314.32256
314.27236
316.27315
316.35828
316.30238
316.30136
316.26022
316.21968
316.17034
316.11086
316.05602
315.9934
315.93734
315.87554
315.82154
315.76125
315.71089
315.65238
315.60616
315.5495
315.50739
315.45249
315.4143
315.36098
315.32645
315.2745
315.24338
315.19257
315.16463
315.11475
315.08977
315.04063
315.01843
314.96984
314.95026
314.90204
314.88496
314.83695
314.82228
314.77431
314.76197
314.71389
314.70383
314.65549
314.64767
314.59896
314.59329
314.54414
314.54053
314.49094
314.48919
314.4392
316.29444
316.36312
316.32207
316.32257
316.29595
316.26521
316.22889
316.17982
316.13584
316.08131
316.03407
315.97827
315.93129
315.87546
315.83068
315.77549
315.73374
315.67955
315.64108
315.58803
315.55283
315.50088
315.46885
315.4179
315.3889
315.33883
315.31269
315.26335
315.23992
315.19116
315.17031
315.12199
315.10359
315.05555
315.03951
314.99162
314.97785
314.92997
314.91841
314.87042
314.861
314.81278
314.80546
314.75692
314.75162
314.70272
314.69932
314.65006
314.6484
314.5988
316.31407
316.36981
316.33918
316.33961
316.32365
316.30038
316.27499
316.23498
316.20097
316.15408
316.1154
316.06561
316.02571
315.97457
315.93559
315.88404
315.84705
315.7957
315.76115
315.71031
315.67838
315.62816
315.59889
315.5493
315.52264
315.47364
315.44951
315.40102
315.37932
315.33124
315.31189
315.26412
315.24702
315.19944
315.18453
315.13703
315.12423
315.07671
315.06597
315.01833
315.00959
314.96174
314.95493
314.90681
314.90187
314.85345
314.85026
314.80155
314.79997
314.75095
316.33217
316.3777
316.35458
316.35403
316.34561
316.32776
316.31121
316.2788
316.25362
316.21369
316.18305
316.13907
316.1061
316.0597
316.02656
315.97886
315.94676
315.89851
315.86807
315.81974
315.79129
315.74311
315.71679
315.66887
315.64473
315.5971
315.57514
315.5278
315.50797
315.46086
315.44313
315.39618
315.38049
315.33364
315.31993
315.27309
315.26132
315.21442
315.20453
315.1575
315.14945
315.10221
315.09594
315.04847
315.0439
314.99617
314.9932
314.94524
314.94376
314.89551
316.34888
316.3862
316.36878
316.36681
316.36358
316.34942
316.3398
316.31349
316.29592
316.26211
316.2388
316.20025
316.17387
316.13212
316.1047
316.06091
316.03371
315.98873
315.96249
315.91689
315.89203
315.84613
315.82289
315.7769
315.75542
315.70943
315.68976
315.64382
315.62599
315.5801
315.56409
315.51823
315.50402
315.45814
315.44571
315.39978
315.38908
315.34304
315.33405
315.28785
315.28053
315.23413
315.22841
315.1818
315.17762
315.13079
315.12805
315.08102
315.07965
315.03235
316.36434
316.39493
316.38204
316.37855
316.37881
316.36699
316.36264
316.34105
316.32981
316.30121
316.28441
316.25077
316.23049
316.19316
316.17121
316.13128
316.10888
316.06724
316.04517
316.00244
315.9812
315.93778
315.91769
315.87384
315.85508
315.81096
315.79366
315.74936
315.73358
315.68916
315.67493
315.63039
315.61772
315.57306
315.56195
315.51715
315.50757
315.46261
315.45455
315.40941
315.40282
315.35748
315.35232
315.30679
315.30299
315.25726
315.25477
315.20884
315.20759
315.16142
316.37867
316.40361
316.39448
316.38956
316.39215
316.38167
316.3812
316.36312
316.35703
316.33271
316.32152
316.29222
316.27744
316.2442
316.22734
316.19114
316.17331
316.135
316.11699
316.0772
316.05954
316.01871
316.00175
315.9602
315.94419
315.90212
315.88722
315.84476
315.83107
315.78831
315.77591
315.73289
315.7218
315.67856
315.6688
315.62534
315.6169
315.57324
315.56611
315.52224
315.5164
315.47232
315.46773
315.42345
315.42006
315.37559
315.37336
315.32871
315.32759
315.2827
316.39197
316.41208
316.40614
316.4
316.40414
316.39432
316.39664
316.38105
316.37902
316.35812
316.35165
316.32607
316.31613
316.28659
316.27436
316.24166
316.22811
316.19303
316.17888
316.14203
316.12782
316.08966
316.07577
316.03662
316.02332
315.98343
315.97092
315.93045
315.91886
315.87793
315.86736
315.82605
315.81654
315.77491
315.7665
315.72457
315.71728
315.67509
315.66891
315.62648
315.6214
315.57874
315.57473
315.53187
315.5289
315.48586
315.48389
315.44066
315.43968
315.39623
316.40436
316.42027
316.41707
316.40991
316.41512
316.40552
316.4098
316.3959
316.39698
316.37873
316.37613
316.35365
316.34788
316.3216
316.31349
316.28402
316.27437
316.24236
316.23182
316.19784
316.18691
316.15141
316.14047
316.10377
316.09311
316.05549
316.04531
316.00695
315.99742
315.95846
315.94969
315.91023
315.90229
315.86241
315.85535
315.81511
315.80896
315.7684
315.76317
315.72233
315.71801
315.67692
315.6735
315.6322
315.62966
315.58817
315.58648
315.54482
315.54397
315.50209
316.4159
316.42813
316.42727
316.41932
316.42529
316.41564
316.42127
316.40847
316.41188
316.39561
316.3961
316.37616
316.37387
316.35042
316.34589
316.31933
316.31317
316.28403
316.27678
316.24557
316.23768
316.20479
316.19663
316.1624
316.15424
316.11893
316.11101
316.07482
316.06729
316.03039
316.02337
315.98587
315.97947
315.94146
315.93573
315.89729
315.89226
315.85346
315.84916
315.81004
315.80648
315.76709
315.76425
315.72464
315.72252
315.68271
315.6813
315.64131
315.6406
315.60042
316.42668
316.43567
316.43678
316.42821
316.43473
316.42492
316.43147
316.41933
316.42444
316.40962
316.4125
316.3946
316.39516
316.37411
316.37261
316.34864
316.34553
316.31903
316.31473
316.28612
316.28101
316.25065
316.24505
316.21325
316.20744
316.17446
316.16865
316.13468
316.12905
316.09426
316.08893
316.05346
316.04853
316.01249
316.00803
315.9715
315.96756
315.93062
315.92722
315.88994
315.8871
315.84952
315.84725
315.80943
315.80773
315.7697
315.76856
315.73035
315.72978
315.69138
316.43676
316.44288
316.44562
316.43658
316.44352
316.43349
316.44065
316.42889
316.4352
316.42142
316.42612
316.40981
316.41263
316.39359
316.39462
316.37291
316.3724
316.34829
316.34657
316.32039
316.31776
316.2898
316.28654
316.2571
316.25345
316.22274
316.21891
316.18715
316.1833
316.15066
316.14691
316.11352
316.10999
316.07597
316.07273
316.03817
316.03527
316.00026
315.99773
315.96235
315.96022
315.92452
315.92281
315.88685
315.88556
315.84938
315.84852
315.81215
315.81172
315.77518
316.44619
316.44978
316.45383
316.44442
316.45167
316.44143
316.44899
316.43744
316.44457
316.43151
316.43754
316.42247
316.42705
316.40966
316.41273
316.39297
316.39464
316.37267
316.37316
316.34921
316.34874
316.32306
316.32187
316.29468
316.29298
316.2645
316.26246
316.23289
316.23067
316.20017
316.1979
316.1666
316.16437
316.1324
316.13029
316.09775
316.09583
316.0628
316.0611
316.02767
316.02622
315.99245
315.99127
315.95722
315.95633
315.92206
315.92146
315.887
315.8867
315.85208
316.45502
316.45634
316.46142
316.45173
316.4592
316.44878
316.45659
316.44515
316.45281
316.44027
316.44724
316.43312
316.43902
316.42299
316.42765
316.40956
316.41301
316.39293
316.39527
316.37334
316.37474
316.35115
316.35178
316.32672
316.32674
316.30041
316.29998
316.27254
316.2718
316.2434
316.24247
316.21324
316.21222
316.18229
316.18124
316.15072
316.14971
316.11868
316.11775
316.0863
316.08548
316.05367
316.053
316.0209
316.02038
315.98805
315.9877
315.95519
315.95501
315.92234
316.46327
316.46257
316.46842
316.4585
316.4661
316.45554
316.4635
316.45214
316.46012
316.44795
316.45555
316.44218
316.44903
316.4341
316.43999
316.42332
316.42817
316.40975
316.4136
316.3935
316.39645
316.3748
316.37697
316.35391
316.35543
316.33113
316.33211
316.30671
316.30729
316.28094
316.28121
316.25402
316.25408
316.22618
316.22609
316.19757
316.1974
316.16836
316.16814
316.13867
316.13844
316.1086
316.10839
316.07826
316.07808
316.04771
316.04759
316.01703
316.01697
315.98627
316.47096
316.46845
316.47481
316.46472
316.47238
316.46174
316.46975
316.45847
316.46662
316.45475
316.46273
316.44995
316.45746
316.44344
316.45022
316.43476
316.44069
316.42371
316.42877
316.41029
316.41452
316.39463
316.39808
316.37688
316.37966
316.35727
316.35948
316.33603
316.33775
316.31336
316.31469
316.28948
316.2905
316.26458
316.26534
316.2388
316.23938
316.21231
316.21273
316.18522
316.18552
316.15764
316.15785
316.12967
316.12981
316.10139
316.10148
316.07288
316.07292
316.04418
316.47809
316.47393
316.48061
316.47038
316.47803
316.46736
316.47537
316.46418
316.47239
316.46078
316.46897
316.45669
316.4646
316.45135
316.45875
316.44431
316.45103
316.43531
316.44129
316.42427
316.42949
316.4112
316.4157
316.39621
316.40003
316.37943
316.38266
316.36105
316.36375
316.34123
316.34347
316.32016
316.32201
316.298
316.29952
316.2749
316.27613
316.25099
316.25197
316.22639
316.22716
316.20121
316.2018
316.17554
316.17597
316.14947
316.14975
316.12308
316.12322
316.09642
316.48464
316.47896
316.48577
316.47546
316.48306
316.4724
316.48036
316.46931
316.4775
316.46613
316.4744
316.46255
316.47069
316.45809
316.46587
316.45233
316.45959
316.44498
316.45163
316.4359
316.44188
316.42503
316.43034
316.41241
316.41708
316.39813
316.40219
316.3823
316.3858
316.36507
316.36807
316.34656
316.34912
316.32694
316.3291
316.30633
316.30813
316.28485
316.28633
316.26261
316.2638
316.23972
316.24065
316.21627
316.21695
316.19233
316.19278
316.168
316.16822
316.14332
316.4905
316.48347
316.49028
316.47995
316.48744
316.47687
316.48473
316.47387
316.48197
316.47087
316.47912
316.46766
316.47588
316.46385
316.47185
316.45908
316.46669
316.45305
316.46015
316.44557
316.45209
316.43655
316.44246
316.42596
316.43126
316.41384
316.41855
316.40027
316.40442
316.38534
316.38896
316.36917
316.37231
316.35187
316.35456
316.33356
316.33584
316.31434
316.31624
316.29432
316.29586
316.27359
316.2748
316.25224
316.25314
316.23035
316.23094
316.20799
316.20829
316.18523
316.49551
316.48736
316.4941
316.48381
316.49119
316.48076
316.48851
316.47787
316.48585
316.47504
316.48319
316.47211
316.48031
316.46881
316.47688
316.46479
316.47258
316.4598
316.46717
316.45361
316.4605
316.44612
316.45246
316.43725
316.44302
316.42699
316.43219
316.41539
316.42003
316.4025
316.40661
316.38842
316.39201
316.37322
316.37634
316.35701
316.35968
316.33989
316.34212
316.32193
316.32376
316.30322
316.30467
316.28385
316.28493
316.26389
316.26461
316.24342
316.24378
316.22249
316.4995
316.49055
316.49721
316.48706
316.4943
316.48409
316.4917
316.48133
316.48917
316.47867
316.48668
316.47598
316.48407
316.47306
316.48109
316.46964
316.47746
316.46545
316.47295
316.46031
316.4674
316.45406
316.46067
316.44662
316.45271
316.43795
316.4435
316.42805
316.43305
316.41695
316.42142
316.40471
316.40866
316.3914
316.39485
316.3771
316.38007
316.36188
316.36438
316.34581
316.34788
316.32899
316.33062
316.31147
316.31269
316.29333
316.29414
316.27464
316.27504
316.25545
316.5023
316.49301
316.49961
316.48969
316.49682
316.48687
316.49434
316.48428
316.49195
316.48179
316.48962
316.47932
316.48725
316.47671
316.48462
316.47374
316.4815
316.47019
316.4777
316.46588
316.47303
316.46065
316.46738
316.45439
316.46065
316.44704
316.4528
316.43859
316.44382
316.42904
316.43375
316.41842
316.42261
316.40678
316.41046
316.39418
316.39737
316.38069
316.38339
316.36635
316.36859
316.35125
316.35303
316.33545
316.33678
316.31901
316.31989
316.30198
316.30243
316.28444
316.50392
316.49472
316.50133
316.49173
316.49875
316.48913
316.49645
316.48675
316.49423
316.48444
316.49207
316.48217
316.48989
316.47982
316.48754
316.47721
316.48483
316.47416
316.48157
316.4705
316.47761
316.46608
316.47282
316.46079
316.4671
316.45454
316.46039
316.44731
316.45267
316.43908
316.44393
316.42987
316.4342
316.41969
316.42353
316.40861
316.41194
316.39666
316.3995
316.38389
316.38625
316.37036
316.37224
316.35613
316.35754
316.34125
316.34219
316.32579
316.32626
316.30977
316.50452
316.49578
316.50243
316.49325
316.50017
316.49092
316.49808
316.48877
316.49605
316.48666
316.49406
316.48458
316.49206
316.48245
316.48994
316.48013
316.48754
316.47747
316.48471
316.47432
316.4813
316.47054
316.47719
316.46602
316.47229
316.46068
316.46652
316.45447
316.45984
316.44735
316.45225
316.43934
316.44374
316.43044
316.43435
316.42068
316.42409
316.4101
316.41302
316.39873
316.40116
316.38663
316.38857
316.37383
316.37528
316.36039
316.36136
316.34635
316.34684
316.33177
316.50439
316.4963
316.50302
316.49429
316.50112
316.49228
316.49927
316.49037
316.49745
316.48847
316.49564
316.48658
316.49381
316.48465
316.49187
316.48256
316.48972
316.4802
316.48721
316.47745
316.48423
316.47416
316.48065
316.47026
316.4764
316.46564
316.47139
316.46027
316.46558
316.45408
316.45894
316.44709
316.45148
316.43928
316.44319
316.43067
316.4341
316.4213
316.42423
316.41117
316.41362
316.40034
316.4023
316.38883
316.39031
316.3767
316.37769
316.36398
316.36447
316.35071
316.50385
316.49645
316.50319
316.49494
316.50166
316.49327
316.50008
316.4916
316.49846
316.48992
316.49683
316.48821
316.49516
316.48645
316.49339
316.48456
316.49142
316.48243
316.48915
316.47997
316.48649
316.47707
316.48333
316.47364
316.47958
316.4696
316.47518
316.46489
316.47007
316.45947
316.46423
316.45333
316.45764
316.44644
316.4503
316.43883
316.44222
316.4305
316.43341
316.42146
316.4239
316.41176
316.41371
316.40141
316.40288
316.39046
316.39144
316.37893
316.37942
316.36686
316.50312
316.49634
316.50304
316.49528
316.50187
316.49393
316.50055
316.49251
316.49915
316.49103
316.49769
316.4895
316.49616
316.4879
316.49452
316.48615
316.4927
316.4842
316.49061
316.48195
316.48818
316.47933
316.48532
316.47626
316.48195
316.47266
316.47802
316.46848
316.47348
316.46368
316.46828
316.45824
316.46242
316.45213
316.45587
316.44535
316.44866
316.43792
316.44077
316.42984
316.43222
316.42113
316.42304
316.41181
316.41325
316.40191
316.40288
316.39146
316.39195
316.38049
316.50235
316.49609
316.50268
316.49538
316.50182
316.49432
316.50074
316.49313
316.49954
316.49185
316.49824
316.49049
316.49684
316.48901
316.49531
316.48738
316.49359
316.48555
316.49162
316.48345
316.48934
316.48102
316.48669
316.47821
316.48361
316.47494
316.48004
316.47117
316.47593
316.46685
316.47125
316.46197
316.46597
316.4565
316.4601
316.45043
316.45361
316.44376
316.44651
316.4365
316.43881
316.42866
316.43051
316.42025
316.42164
316.41129
316.41223
316.4018
316.40228
316.39182
316.50159
316.49576
316.50216
316.4953
316.50155
316.49449
316.50069
316.49352
316.49967
316.49242
316.49852
316.49119
316.49723
316.48981
316.49578
316.48826
316.49411
316.4865
316.49221
316.48449
316.49002
316.48219
316.48751
316.47954
316.48461
316.4765
316.4813
316.47303
316.47752
316.46909
316.47324
316.46465
316.46845
316.4597
316.46311
316.45421
316.45723
316.44819
316.45081
316.44163
316.44383
316.43453
316.43631
316.42691
316.42825
316.41879
316.41968
316.41016
316.41061
316.40106
316.50084
316.4954
316.50155
316.49508
316.50113
316.49449
316.50046
316.4937
316.49959
316.49275
316.49857
316.49163
316.49735
316.49033
316.49594
316.48882
316.49429
316.48708
316.49241
316.4851
316.49025
316.48285
316.4878
316.4803
316.48502
316.47741
316.48188
316.47415
316.47834
316.47048
316.47436
316.46639
316.46994
316.46184
316.46505
316.45683
316.45967
316.45134
316.45381
316.44537
316.44745
316.43892
316.4406
316.43199
316.43326
316.42459
316.42544
316.41673
316.41716
316.40842
316.5001
316.49502
316.50087
316.49478
316.50059
316.49435
316.50007
316.49371
316.49933
316.49288
316.49839
316.49184
316.49722
316.49056
316.49581
316.48905
316.49414
316.48729
316.49222
316.48529
316.49005
316.48303
316.4876
316.48051
316.48487
316.4777
316.48182
316.47457
316.47844
316.4711
316.47469
316.46726
316.47055
316.46303
316.466
316.4584
316.46104
316.45335
316.45564
316.44787
316.44981
316.44197
316.44353
316.43563
316.43681
316.42886
316.42966
316.42167
316.42207
316.41407
316.49936
316.49464
316.50015
316.49441
316.49996
316.4941
316.49956
316.49358
316.49891
316.49283
316.49802
316.49181
316.49684
316.49052
316.49538
316.48895
316.49364
316.48712
316.49165
316.48505
316.4894
316.48274
316.48691
316.4802
316.48417
316.4774
316.48116
316.47434
316.47787
316.47098
316.47427
316.46732
316.47034
316.46333
316.46606
316.459
316.46143
316.45431
316.45642
316.44924
316.45102
316.4438
316.44524
316.43797
316.43906
316.43175
316.43248
316.42515
316.42552
316.41816
316.49861
316.49425
316.4994
316.494
316.49927
316.49377
316.49895
316.49332
316.49835
316.4926
316.49745
316.49156
316.49622
316.4902
316.49466
316.48852
316.4928
316.48658
316.49068
316.48439
316.48832
316.48197
316.48574
316.47935
316.48294
316.47652
316.47992
316.47347
316.47666
316.47018
316.47315
316.46663
316.46936
316.46282
316.4653
316.45871
316.46092
316.4543
316.45623
316.44958
316.4512
316.44451
316.44583
316.43912
316.44011
316.43337
316.43405
316.42729
316.42763
316.42085
316.49784
316.49386
316.49863
316.49355
316.49854
316.49338
316.49826
316.49296
316.49766
316.49221
316.49669
316.49108
316.49533
316.48958
316.49362
316.48774
316.4916
316.48562
316.48931
316.48327
316.48679
316.48072
316.48408
316.47798
316.48118
316.47507
316.4781
316.47198
316.47483
316.46871
316.47136
316.46523
316.46767
316.46153
316.46375
316.4576
316.45958
316.45341
316.45514
316.44896
316.45042
316.44422
316.44541
316.43919
316.44009
316.43385
316.43446
316.42821
316.42852
316.42226
316.49705
316.49346
316.49784
316.49307
316.49776
316.49292
316.49749
316.49248
316.49682
316.49163
316.49572
316.49034
316.49417
316.48864
316.49225
316.48658
316.49
316.48425
316.48749
316.48169
316.48478
316.47895
316.4819
316.47607
316.47888
316.47305
316.47571
316.46989
316.4724
316.46659
316.46893
316.46314
316.4653
316.45952
316.46148
316.45571
316.45746
316.45169
316.45323
316.44746
316.44876
316.44299
316.44404
316.43826
316.43907
316.43328
316.43382
316.42803
316.4283
316.4225
316.49623
316.49306
316.49703
316.49257
316.49696
316.49241
316.49665
316.49187
316.49584
316.49085
316.49451
316.48932
316.4927
316.48734
316.4905
316.48501
316.48797
316.48241
316.48521
316.47961
316.48228
316.47666
316.47921
316.4736
316.47602
316.47044
316.47274
316.46719
316.46936
316.46384
316.46587
316.46038
316.46226
316.4568
316.45851
316.45308
316.45461
316.4492
316.45054
316.44514
316.44628
316.44089
316.44182
316.43643
316.43714
316.43175
316.43223
316.42684
316.42708
316.42168
316.49539
316.49265
316.49619
316.49205
316.49613
316.49183
316.49571
316.49113
316.49467
316.48983
316.49303
316.48797
316.49088
316.48565
316.48833
316.48298
316.48549
316.48007
316.48244
316.477
316.47925
316.47382
316.47596
316.47056
316.47261
316.46725
316.46919
316.46388
316.46572
316.46046
316.46219
316.45698
316.45858
316.45341
316.45488
316.44975
316.45107
316.44597
316.44713
316.44206
316.44304
316.43799
316.43879
316.43375
316.43437
316.42933
316.42975
316.42472
316.42493
316.41989
316.4945
316.49224
316.49533
316.49151
316.49525
316.49118
316.49465
316.4902
316.49327
316.48852
316.49122
316.48624
316.48865
316.4835
316.4857
316.48045
316.48249
316.4772
316.47912
316.47382
316.47566
316.47039
316.47215
316.46692
316.46861
316.46345
316.46505
316.45996
316.46149
316.45646
316.4579
316.45293
316.45427
316.44936
316.4506
316.44574
316.44686
316.44204
316.44302
316.43825
316.43909
316.43434
316.43502
316.4303
316.43082
316.4261
316.42646
316.42174
316.42192
316.41721
316.49357
316.49181
316.49445
316.49094
316.49431
316.49041
316.49343
316.48903
316.49159
316.48685
316.48902
316.48406
316.48594
316.48084
316.48254
316.47736
316.47893
316.47374
316.47523
316.47005
316.47148
316.46636
316.46773
316.46268
316.46401
316.45903
316.46032
316.45542
316.45665
316.45183
316.453
316.44826
316.44936
316.44468
316.4457
316.44109
316.44201
316.43746
316.43827
316.43376
316.43446
316.42999
316.43056
316.42611
316.42655
316.42212
316.42241
316.41799
316.41814
316.41371
316.49259
316.4914
316.49354
316.49033
316.49329
316.48948
316.49198
316.48755
316.48954
316.48476
316.48635
316.48137
316.4827
316.47761
316.4788
316.47367
316.47477
316.46965
316.47071
316.46565
316.46668
316.46169
316.46271
316.4578
316.4588
316.45399
316.45497
316.45026
316.45121
316.44659
316.4475
316.44297
316.44384
316.43939
316.44019
316.43582
316.43655
316.43224
316.43289
316.42863
316.4292
316.42497
316.42544
316.42125
316.42161
316.41743
316.41768
316.41351
316.41364
316.40947
316.49154
316.491
316.49259
316.48968
316.49213
316.48833
316.49023
316.48568
316.48704
316.48214
316.48312
316.47807
316.47885
316.47373
316.47441
316.46931
316.46995
316.4649
316.46555
316.46058
316.46124
316.45637
316.45705
316.45228
316.45297
316.44832
316.44902
316.44448
316.44517
316.44074
316.44142
316.43708
316.43773
316.43349
316.4341
316.42994
316.43051
316.42642
316.42693
316.42289
316.42333
316.41935
316.41971
316.41576
316.41604
316.41211
316.4123
316.40837
316.40847
316.40454
316.49043
316.49064
316.49159
316.48894
316.49076
316.48686
316.48807
316.4833
316.48397
316.4789
316.47925
316.47409
316.4743
316.46915
316.46933
316.46423
316.46444
316.45944
316.4597
316.45482
316.45513
316.45038
316.45074
316.44611
316.44652
316.44202
316.44246
316.43809
316.43854
316.43429
316.43475
316.4306
316.43106
316.42701
316.42745
316.42349
316.42391
316.42002
316.4204
316.41658
316.41691
316.41314
316.41341
316.40968
316.40989
316.40618
316.40633
316.40262
316.4027
316.39899
316.48924
316.49035
316.49051
316.48806
316.48909
316.48496
316.48537
316.4803
316.48023
316.47493
316.47463
316.46935
316.46899
316.46379
316.46348
316.4584
316.45819
316.45325
316.45314
316.44835
316.44833
316.4437
316.44377
316.43929
316.43943
316.43509
316.43529
316.43108
316.43132
316.42724
316.42751
316.42355
316.42383
316.41997
316.42026
316.41649
316.41677
316.41308
316.41334
316.40972
316.40995
316.40639
316.40658
316.40305
316.4032
316.3997
316.3998
316.39631
316.39636
316.39286
316.48797
316.49017
316.4893
316.48695
316.48698
316.48249
316.48199
316.47653
316.47569
316.47013
316.46918
316.46375
316.46285
316.4576
316.45684
316.45177
316.45117
316.4463
316.44585
316.44116
316.44085
316.43634
316.43615
316.43181
316.43172
316.42754
316.42752
316.42348
316.42353
316.41963
316.41972
316.41594
316.41607
316.4124
316.41255
316.40897
316.40912
316.40563
316.40578
316.40236
316.4025
316.39913
316.39925
316.39592
316.39602
316.39271
316.39278
316.38948
316.38951
316.38621
316.4866
316.49014
316.48787
316.48548
316.48428
316.47928
316.47778
316.47186
316.47023
316.4644
316.4628
316.45725
316.45583
316.45055
316.44936
316.44433
316.44337
316.43857
316.43782
316.43325
316.43267
316.4283
316.42788
316.42369
316.42339
316.41937
316.41917
316.41531
316.41519
316.41147
316.41141
316.40781
316.4078
316.40431
316.40434
316.40095
316.401
316.39769
316.39775
316.39452
316.39458
316.3914
316.39146
316.38832
316.38837
316.38525
316.38528
316.38217
316.38219
316.37907
316.48512
316.49026
316.48611
316.48349
316.48078
316.47514
316.47258
316.46615
316.46373
316.45763
316.45544
316.44977
316.44789
316.44259
316.44102
316.43604
316.43477
316.43008
316.42906
316.42462
316.42382
316.41959
316.41897
316.41494
316.41447
316.41062
316.41026
316.40658
316.40632
316.40277
316.40259
316.39917
316.39905
316.39575
316.39567
316.39247
316.39243
316.3893
316.38929
316.38624
316.38623
316.38324
316.38324
316.38028
316.38029
316.37736
316.37737
316.37444
316.37444
316.37151
316.48353
316.49052
316.48383
316.48075
316.47628
316.46989
316.46622
316.45928
316.45612
316.44978
316.44704
316.44129
316.43899
316.43371
316.43183
316.42692
316.42539
316.42081
316.41958
316.41528
316.4143
316.41023
316.40945
316.4056
316.40498
316.40131
316.40082
316.39732
316.39694
316.39358
316.39329
316.39006
316.38985
316.38673
316.38657
316.38355
316.38343
316.3805
316.38041
316.37755
316.37749
316.37467
316.37464
316.37186
316.37183
316.36908
316.36906
316.36632
316.36631
316.36355
316.4818
316.49083
316.48081
316.477
316.47054
316.46333
316.45856
316.45114
316.4473
316.44077
316.43756
316.43178
316.42914
316.42392
316.42177
316.41698
316.41524
316.41081
316.40941
316.40527
316.40414
316.40026
316.39934
316.39568
316.39494
316.39147
316.39088
316.38757
316.3871
316.38393
316.38356
316.38052
316.38022
316.37729
316.37707
316.37423
316.37406
316.3713
316.37117
316.36848
316.36838
316.36575
316.36567
316.36308
316.36302
316.36045
316.36041
316.35784
316.35783
316.35524
316.4799
316.49097
316.47675
316.47195
316.46335
316.45529
316.44949
316.44167
316.43724
316.4306
316.42701
316.42126
316.41835
316.41323
316.41089
316.40625
316.40436
316.4001
316.39857
316.39463
316.39338
316.3897
316.38869
316.38523
316.38441
316.38113
316.38047
316.37735
316.37681
316.37384
316.37341
316.37056
316.37021
316.36748
316.3672
316.36455
316.36433
316.36176
316.36159
316.35908
316.35895
316.35649
316.35639
316.35397
316.3539
316.3515
316.35145
316.34906
316.34903
316.34662
316.47778
316.49062
316.47131
316.46526
316.45448
316.44565
316.43894
316.43083
316.42593
316.41927
316.41539
316.40974
316.40665
316.40169
316.39922
316.39477
316.39278
316.38873
316.38712
316.38338
316.38207
316.3786
316.37753
316.37428
316.37341
316.37034
316.36963
316.36672
316.36614
316.36337
316.36289
316.36024
316.35985
316.35731
316.35699
316.35454
316.35428
316.3519
316.3517
316.34938
316.34922
316.34695
316.34682
316.34458
316.34449
316.34227
316.34221
316.33999
316.33996
316.33773
316.47535
316.48926
316.46411
316.45664
316.4438
316.4343
316.42688
316.41861
316.41339
316.40681
316.40277
316.39729
316.3941
316.38935
316.38682
316.38259
316.38056
316.37674
316.3751
316.3716
316.37026
316.36702
316.36592
316.36289
316.36199
316.35915
316.35841
316.35571
316.35511
316.35254
316.35204
316.3496
316.34918
316.34684
316.3465
316.34424
316.34396
316.34177
316.34154
316.33941
316.33923
316.33714
316.337
316.33494
316.33484
316.3328
316.33273
316.33069
316.33065
316.32859
316.4725
316.48624
316.45477
316.44582
316.4312
316.42123
316.41332
316.40507
316.39968
316.39329
316.38919
316.38396
316.38076
316.37628
316.37374
316.36979
316.36776
316.3642
316.36257
316.35932
316.35799
316.35499
316.3539
316.35111
316.35021
316.34759
316.34685
316.34437
316.34376
316.34141
316.3409
316.33866
316.33824
316.33609
316.33575
316.33368
316.33339
316.33139
316.33116
316.32921
316.32902
316.32711
316.32696
316.32508
316.32497
316.32311
316.32303
316.32117
316.32113
316.31925
316.46904
316.48077
316.44295
316.43261
316.41667
316.40648
316.39835
316.39029
316.38489
316.37881
316.37477
316.36985
316.36672
316.36255
316.36008
316.35642
316.35445
316.35118
316.34959
316.34662
316.34532
316.34258
316.34152
316.33898
316.3381
316.33572
316.33499
316.33274
316.33214
316.33001
316.32951
316.32748
316.32706
316.32512
316.32477
316.3229
316.32261
316.3208
316.32057
316.31881
316.31862
316.31689
316.31674
316.31504
316.31493
316.31324
316.31316
316.31148
316.31144
316.30973
316.46471
316.47199
316.42837
316.4169
316.40026
316.39014
316.38207
316.37439
316.36914
316.36346
316.35958
316.35505
316.35206
316.34824
316.3459
316.34257
316.3407
316.33774
316.33623
316.33354
316.33231
316.32985
316.32884
316.32655
316.32572
316.32358
316.32288
316.32087
316.32029
316.31839
316.3179
316.31609
316.31569
316.31395
316.31361
316.31194
316.31166
316.31004
316.30981
316.30824
316.30805
316.30651
316.30636
316.30484
316.30473
316.30322
316.30314
316.30164
316.30159
316.30007
316.45914
316.45907
316.41092
316.39875
316.38211
316.37238
316.36463
316.35751
316.35256
316.34738
316.34376
316.33966
316.33689
316.33346
316.33129
316.32832
316.32659
316.32395
316.32255
316.32017
316.31903
316.31684
316.31591
316.31388
316.31311
316.31122
316.31057
316.30879
316.30826
316.30657
316.30612
316.30452
316.30415
316.30261
316.3023
316.30082
316.30056
316.29913
316.29892
316.29753
316.29735
316.29599
316.29585
316.29452
316.29441
316.29308
316.29301
316.29168
316.29163
316.29029
316.45181
316.44134
316.39062
316.37834
316.36243
316.3534
316.34623
316.33981
316.33529
316.33069
316.32741
316.3238
316.32129
316.31829
316.31633
316.31373
316.31217
316.30987
316.30862
316.30654
316.30552
316.30362
316.30277
316.30102
316.30032
316.29868
316.2981
316.29655
316.29607
316.29461
316.2942
316.29282
316.29248
316.29115
316.29086
316.28958
316.28935
316.28811
316.28791
316.28671
316.28655
316.28537
316.28525
316.28409
316.28399
316.28284
316.28277
316.28162
316.28158
316.28041
316.44197
316.41835
316.36768
316.35597
316.34146
316.33342
316.32704
316.32146
316.31749
316.31352
316.31065
316.30755
316.30537
316.3028
316.3011
316.29889
316.29753
316.29558
316.29448
316.29272
316.29183
316.29022
316.28949
316.288
316.28739
316.286
316.2855
316.28419
316.28377
316.28253
316.28218
316.281
316.28071
316.27958
316.27933
316.27825
316.27804
316.277
316.27683
316.27581
316.27567
316.27468
316.27456
316.27358
316.27349
316.27252
316.27246
316.27149
316.27145
316.27047
316.4285
316.39002
316.34248
316.33202
316.3195
316.31267
316.30728
316.30261
316.29927
316.29599
316.29358
316.29103
316.2892
316.2871
316.28567
316.28385
316.28272
316.28112
316.2802
316.27876
316.27802
316.2767
316.27609
316.27487
316.27436
316.27323
316.2728
316.27173
316.27138
316.27037
316.27007
316.26911
316.26886
316.26795
316.26774
316.26685
316.26668
316.26582
316.26568
316.26485
316.26473
316.26392
316.26382
316.26302
316.26295
316.26215
316.2621
316.2613
316.26127
316.26047
316.40965
316.35668
316.31553
316.30693
316.29683
316.2914
316.2871
316.28343
316.28078
316.27821
316.27631
316.27432
316.27287
316.27123
316.2701
316.26869
316.2678
316.26655
316.26583
316.26471
316.26412
316.26309
316.26261
316.26166
316.26126
316.26038
316.26004
316.25922
316.25893
316.25815
316.25792
316.25717
316.25697
316.25626
316.25609
316.25541
316.25527
316.25461
316.25449
316.25385
316.25375
316.25312
316.25304
316.25242
316.25236
316.25175
316.2517
316.25108
316.25106
316.25043
316.38247
316.31916
316.28741
316.28108
316.27371
316.26978
316.26667
316.26404
316.26212
316.26028
316.25891
316.25748
316.25644
316.25527
316.25445
316.25345
316.2528
316.25191
316.25139
316.25059
316.25016
316.24943
316.24908
316.24841
316.24812
316.24749
316.24725
316.24666
316.24645
316.2459
316.24573
316.24519
316.24505
316.24454
316.24442
316.24393
316.24383
316.24336
316.24328
316.24282
316.24275
316.2423
316.24224
316.2418
316.24175
316.24131
316.24128
316.24084
316.24082
316.24038
316.34136
316.27859
316.25866
316.25483
316.25036
316.24799
316.24611
316.24453
316.24337
316.24227
316.24144
316.24058
316.23996
316.23925
316.23876
316.23816
316.23777
316.23724
316.23692
316.23644
316.23619
316.23575
316.23554
316.23513
316.23496
316.23458
316.23443
316.23408
316.23396
316.23362
316.23352
316.2332
316.23311
316.23281
316.23274
316.23244
316.23238
316.2321
316.23205
316.23177
316.23173
316.23146
316.23143
316.23116
316.23114
316.23087
316.23085
316.23059
316.23058
316.23031
316.27482
316.23644
316.22969
316.22842
316.22692
316.22613
316.22551
316.22498
316.22459
316.22422
316.22395
316.22366
316.22345
316.22322
316.22305
316.22285
316.22272
316.22255
316.22244
316.22228
316.2222
316.22205
316.22198
316.22184
316.22179
316.22166
316.22161
316.22149
316.22145
316.22134
316.22131
316.2212
316.22117
316.22107
316.22105
316.22095
316.22093
316.22083
316.22082
316.22072
316.22071
316.22062
316.22061
316.22052
316.22051
316.22042
316.22042
316.22033
316.22033
316.22024
)
;

boundaryField
{
    inlet
    {
        type            fixedValue;
        value           uniform 316.5;
    }
    outlet
    {
        type            zeroGradient;
    }
    wall_membrane
    {
        type            groovyBC;
        refValue        nonuniform List<scalar> 
50
(
311.41469
311.39736
311.38002
311.36269
311.34535
311.32802
311.31068
311.29335
311.27602
311.25868
311.24135
311.22401
311.20668
311.18934
311.17201
311.15467
311.13734
311.12
311.10267
311.08533
311.068
311.05066
311.03333
311.01599
310.99866
310.98132
310.96399
310.94665
310.92932
310.91198
310.89465
310.87731
310.85998
310.84264
310.82531
310.80797
310.79064
310.7733
310.75597
310.73863
310.7213
310.70396
310.68663
310.6693
310.65196
310.63463
310.61729
310.59996
310.58262
310.56529
)
;
        refGradient     uniform 0;
        valueFraction   uniform 1;
        source          uniform 0;
        value           nonuniform List<scalar> 
50
(
311.41469
311.39736
311.38002
311.36269
311.34535
311.32802
311.31068
311.29335
311.27602
311.25868
311.24135
311.22401
311.20668
311.18934
311.17201
311.15467
311.13734
311.12
311.10267
311.08533
311.068
311.05066
311.03333
311.01599
310.99866
310.98132
310.96399
310.94665
310.92932
310.91198
310.89465
310.87731
310.85998
310.84264
310.82531
310.80797
310.79064
310.7733
310.75597
310.73863
310.7213
310.70396
310.68663
310.6693
310.65196
310.63463
310.61729
310.59996
310.58262
310.56529
)
;
        valueExpression "Tm";
        gradientExpression "0";
        fractionExpression "1";
        evaluateDuringConstruction 0;
        cyclicSlave     0;
        variables       
12
(
"T_a=316.5;"
"L=0.15;"
"Tp_in=297.3;"
"Tp_out=300.1;"
"T_p=Tp_out-(Tp_out-Tp_in)/L*pos().x;"
"delta_mem=0.0001;"
"lambda_mem=0.053;"
"lambda_alim=0.634;"
"delta_alim=0.001;"
"h_agua=613;"
"h_ef=(lambda_alim/delta_alim)*(1/h_agua+delta_mem/lambda_mem);"
"Tm=((Tp_out-(Tp_out-Tp_in)/L*pos().x)+h_ef*T_a)/(1+h_ef);"
)
;
        timelines       (
);
        lookuptables    (
);
        lookuptables2D  (
);
    }
    wall_up
    {
        type            groovyBC;
        refValue        uniform 316.2152;
        refGradient     uniform 0;
        valueFraction   uniform 1;
        source          uniform 0;
        value           uniform 316.2152;
        valueExpression "T_m";
        gradientExpression "0";
        fractionExpression "1";
        evaluateDuringConstruction 0;
        cyclicSlave     0;
        variables       
10
(
"T_a=316.5;"
"Text=298;"
"L=0.15;"
"delta_ext=0.0132;"
"lambda_ext=15;"
"lambda_alim=0.634;"
"delta_alim=0.001;"
"h_ext=10;"
"h_ef=lambda_alim/delta_alim*(1/h_ext+delta_ext/lambda_ext);"
"T_m=(Text+h_ef*T_a)/(1+h_ef);"
)
;
        timelines       (
);
        lookuptables    (
);
        lookuptables2D  (
);
    }
    sides
    {
        type            empty;
    }
}


// ************************************************************************* //
