/*--------------------------------*- C++ -*----------------------------------*\
| =========                 |                                                 |
| \\      /  F ield         | OpenFOAM: The Open Source CFD Toolbox           |
|  \\    /   O peration     | Version:  2312                                  |
|   \\  /    A nd           | Website:  www.openfoam.com                      |
|    \\/     M anipulation  |                                                 |
\*---------------------------------------------------------------------------*/
FoamFile
{
    version     2.0;
    format      ascii;
    arch        "LSB;label=32;scalar=64";
    class       volScalarField;
    location    "6";
    object      T;
}
// * * * * * * * * * * * * * * * * * * * * * * * * * * * * * * * * * * * * * //

dimensions      [0 0 0 1 0 0 0];

internalField   nonuniform List<scalar> 
4000
(
332.13846
330.78712
330.51952
330.44409
330.35692
330.29769
330.24048
330.19001
330.14112
330.096
330.05082
330.00843
329.96555
329.92474
329.88347
329.84367
329.8036
329.7645
329.72534
329.68674
329.64831
329.61007
329.57223
329.53426
329.49691
329.45915
329.42222
329.38461
329.34804
329.31054
329.27429
329.23688
329.20091
329.16355
329.12785
329.09051
329.05507
329.01773
328.98252
328.94516
328.9102
328.87277
328.83807
328.80054
328.76613
328.72842
328.6944
328.65635
328.62299
328.58365
334.4309
332.25243
331.53119
331.37449
331.18405
331.07675
330.97568
330.89471
330.81852
330.7536
330.68854
330.6318
330.57363
330.52162
330.46829
330.41932
330.36956
330.32268
330.27567
330.23029
330.18545
330.14117
330.09809
330.05463
330.01303
329.97018
329.92983
329.88745
329.84818
329.80613
329.76782
329.72601
329.68857
329.64692
329.61027
329.56869
329.5328
329.49121
329.45605
329.41438
329.37996
329.33811
329.30446
329.26229
329.22953
329.18683
329.1552
329.1115
329.08185
329.03444
335.84636
333.66204
332.53437
332.29837
332.00738
331.85259
331.70832
331.59701
331.49387
331.40919
331.32448
331.25338
331.1801
331.11687
331.0516
330.99343
330.9341
330.87941
330.82464
330.77245
330.72128
330.67092
330.62268
330.5737
330.5279
330.47994
330.43622
330.38903
330.34711
330.30049
330.26016
330.21394
330.17505
330.12909
330.09152
330.04569
330.00937
329.96353
329.92843
329.88245
329.84858
329.80229
329.76971
329.72291
329.69179
329.64411
329.61488
329.56553
329.53957
329.4845
336.78269
334.96628
333.51445
333.20676
332.82129
332.62092
332.43505
332.29402
332.16473
332.06051
331.95667
331.87131
331.78328
331.70886
331.63194
331.56458
331.49589
331.43338
331.37102
331.31201
331.25465
331.1982
331.14492
331.09039
331.04049
330.9874
330.9404
330.88839
330.84389
330.79268
330.75039
330.69975
330.65946
330.60918
330.57074
330.52063
330.48394
330.43383
330.39883
330.34853
330.31523
330.26452
330.23302
330.18158
330.15213
330.09947
330.07263
330.01769
329.9953
329.93318
337.43158
336.12392
334.45238
334.08765
333.61808
333.3759
333.1513
332.98189
332.82785
332.70465
332.58256
332.48321
332.38105
332.29559
332.20747
332.13098
332.0533
331.98301
331.91335
331.84753
331.78421
331.72168
331.66354
331.60346
331.54963
331.4914
331.44125
331.38441
331.33745
331.28164
331.2375
331.18241
331.14082
331.08621
331.04697
330.99259
330.95558
330.9012
330.86635
330.81174
330.77906
330.72391
330.69354
330.63747
330.60969
330.5521
330.52762
330.46719
330.44818
330.37972
337.89487
337.1073
335.32849
334.92706
334.38852
334.11049
333.85151
333.65595
333.47928
333.33809
333.19905
333.08625
332.97087
332.87467
332.77603
332.69061
332.60444
332.52649
332.44993
332.37737
332.30844
332.23986
332.17714
332.11154
332.05401
331.99066
331.93755
331.8759
331.82663
331.76623
331.72037
331.66086
331.61808
331.55915
331.51921
331.46057
331.42331
331.36469
331.33004
331.27114
331.23913
331.17959
331.15035
331.08972
331.0636
331.00115
330.97898
330.91322
330.89732
330.82327
338.23346
337.90519
336.12499
335.71044
335.12263
334.81682
334.52936
334.31094
334.11451
333.95686
333.80264
333.67723
333.54985
333.44344
333.33517
333.24115
333.14718
333.0618
332.97888
332.89974
332.82561
332.75111
332.68416
332.61313
332.55218
332.48378
332.42795
332.36154
332.31017
332.24524
332.19782
332.13393
332.09009
332.02689
331.98636
331.92351
331.8861
331.82328
331.78891
331.72577
331.69447
331.6306
331.60252
331.53741
331.51294
331.44577
331.4258
331.35498
331.34183
331.26292
338.48532
338.52026
336.82892
336.42447
335.81058
335.48678
335.17816
334.9412
334.72865
334.55663
334.38948
334.25269
334.11485
333.99899
333.88222
333.78012
333.6792
333.58675
333.49813
333.41269
333.33389
333.25366
333.18291
333.10661
333.0426
332.96928
332.91103
332.83997
332.78674
332.71736
332.66859
332.60041
332.55568
332.48828
332.4473
332.38031
332.34287
332.27592
332.24192
332.17462
332.14409
332.07599
332.04909
331.97962
331.95677
331.88505
331.86716
331.79159
331.7808
331.69774
338.67629
338.96818
337.43313
337.05878
336.44368
336.1126
335.79127
335.54101
335.31667
335.13296
334.95557
334.80899
334.66255
334.53829
334.41436
334.30489
334.19805
334.09904
334.00553
333.91416
333.83134
333.74568
333.67164
333.59031
333.52365
333.44561
333.38528
333.30973
333.25493
333.18125
333.13136
333.05902
333.0136
332.94214
332.90085
332.82985
332.79249
332.72154
332.68799
332.61667
332.58695
332.51478
332.48906
332.41542
332.39412
332.31811
332.30212
332.22221
332.21336
332.12679
338.82464
339.27332
337.93683
337.6074
337.0151
336.68745
336.36256
336.10492
335.87365
335.68143
335.49691
335.34249
335.18959
335.05821
334.9287
334.81279
334.70121
334.59631
334.49883
334.40204
334.31593
334.22525
334.14852
334.06247
333.99366
333.91116
333.84915
333.76935
333.7133
333.63553
333.5848
333.50847
333.46258
333.38722
333.34582
333.27097
333.23382
333.15905
333.12603
333.05088
333.02201
332.94597
332.92142
332.84384
332.82402
332.74402
332.72973
332.64592
332.63862
332.54911
338.94276
339.46421
338.34474
338.06917
337.52029
337.20604
336.88683
336.62807
336.39508
336.19793
336.00967
335.84966
335.6927
335.55574
335.42241
335.30114
335.18617
335.0762
334.9758
334.87423
334.78566
334.69045
334.6117
334.52136
334.45093
334.36432
334.30108
334.21733
334.16041
334.0788
334.02753
333.94747
333.90135
333.82232
333.78098
333.70251
333.66571
333.58733
333.55495
333.47619
333.44822
333.36855
333.34516
333.26393
333.24549
333.16186
333.14907
333.06185
333.05572
332.96376
339.0401
339.57093
338.66618
338.44743
337.95734
337.66502
337.36021
337.10657
336.87711
336.67882
336.4904
336.32728
336.16883
336.02802
335.89278
335.76741
335.65051
335.53643
335.43425
335.32865
335.23853
335.13941
335.05937
334.96523
334.8938
334.8035
334.73953
334.65219
334.59479
334.50968
334.45819
334.3747
334.32861
334.2462
334.20513
334.1233
334.08701
334.0053
333.97364
333.89155
333.86453
333.78153
333.75928
333.67474
333.65758
333.57073
333.55921
333.46908
333.46382
333.36986
339.12242
339.62039
338.91328
338.74907
338.3271
338.06324
337.78043
337.53767
337.31679
337.1212
336.93621
336.77258
336.61527
336.47249
336.33732
336.20927
336.09197
335.97487
335.87212
335.76335
335.67266
335.57032
335.48979
335.39244
335.32063
335.22716
335.16297
335.07249
335.01504
334.92683
334.87547
334.7889
334.74312
334.65766
334.61708
334.53223
334.4966
334.41187
334.38104
334.29595
334.26992
334.18394
334.16279
334.07533
334.05934
333.9697
333.95926
333.86672
333.86207
333.76651
339.19429
339.6358
339.09932
338.98346
338.63297
338.40181
338.14693
337.92003
337.71225
337.523
337.34489
337.18337
337.02981
336.88699
336.75391
336.62466
336.50854
336.38959
336.28753
336.17654
336.08629
335.98151
335.90131
335.80141
335.72991
335.63383
335.56997
335.47685
335.41982
335.32895
335.27809
335.18886
335.14368
335.05556
335.01569
334.92819
334.89338
334.80601
334.77612
334.6884
334.66338
334.57482
334.55475
334.46479
334.44985
334.35791
334.34835
334.25391
334.24968
334.15288
339.25816
339.63407
339.23738
339.16135
338.88055
338.68391
338.46091
338.25372
338.06282
337.88315
337.71506
337.55812
337.4108
337.26986
337.14085
337.01191
336.89855
336.77897
336.67887
336.56666
336.47787
336.37151
336.29247
336.19074
336.12024
336.02217
335.95923
335.86402
335.80786
335.71484
335.66486
335.57343
335.52916
335.43881
335.39989
335.31015
335.27633
335.18673
335.15787
335.06795
335.04399
334.95327
334.93425
334.84225
334.82827
334.7345
334.72566
334.62981
334.62586
334.52817
339.31602
339.62712
339.33931
339.29377
339.07695
338.91438
338.72511
338.5402
338.36902
338.20162
338.04621
337.89608
337.75725
337.62003
337.49691
337.3698
337.26069
337.14172
337.0448
336.93242
336.8461
336.73903
336.66201
336.55921
336.4904
336.39102
336.32956
336.23286
336.17805
336.08341
336.03469
335.94158
335.89851
335.80642
335.76868
335.67716
335.6445
335.55312
335.5254
335.43372
335.41085
335.31845
335.30044
335.20688
335.19377
335.09867
335.09043
334.99363
334.98988
334.89165
339.36878
339.6216
339.4152
339.39117
339.23004
339.09922
338.9436
338.78217
338.63253
338.47938
338.33872
338.1973
338.06886
337.93701
337.82144
337.69755
337.59409
337.47693
337.38436
337.27283
337.18997
337.08309
337.00888
336.9058
336.83936
336.73937
336.67995
336.5824
336.52939
336.43373
336.38665
336.29238
336.25082
336.1575
336.12116
336.02837
335.99703
335.90435
335.87786
335.78491
335.76318
335.66957
335.65256
335.55793
335.54562
335.44969
335.44195
335.34465
335.34106
335.24262
339.41728
339.62083
339.47304
339.46272
339.34781
339.24509
339.12139
338.98336
338.856
338.71832
338.59384
338.46258
338.34604
338.22096
338.11432
337.99494
337.89834
337.78413
337.69696
337.58729
337.50877
337.40296
337.33233
337.22976
337.16633
337.06643
337.00959
336.91184
336.86109
336.765
336.71992
336.62507
336.5853
336.49129
336.45658
336.36301
336.33315
336.23968
336.21453
336.1208
336.10025
336.00593
335.98992
335.89472
335.88316
335.78687
335.77958
335.68221
335.67875
335.58046
339.46189
339.62545
339.51886
339.51603
339.43779
339.35875
339.26399
339.14818
339.04287
338.9211
338.81355
338.69342
338.58983
338.47263
338.37602
338.26222
338.17351
338.06326
337.9824
337.87551
337.80213
337.69825
337.63188
337.5306
337.47076
337.37167
337.31791
337.2206
337.17252
337.07662
337.03388
336.93901
336.90132
336.80715
336.77428
336.68048
336.65225
336.5585
336.53478
336.44078
336.42146
336.32694
336.31192
336.21664
336.2058
336.10964
336.10275
336.00574
336.00242
335.90463
339.50303
339.63489
339.55689
339.55698
339.50667
339.44662
339.37708
339.28144
339.19711
339.09099
339.00045
338.89193
338.80188
338.69333
338.6075
338.50016
338.42011
338.31469
338.24089
338.13761
338.07005
337.96887
337.90736
337.80809
337.75237
337.65476
337.60453
337.50831
337.46328
337.36816
337.32807
337.23377
337.1984
337.10463
337.07379
336.98029
336.95383
336.86033
336.83812
336.74437
336.72631
336.63209
336.61807
336.52321
336.51307
336.41749
336.411
336.31474
336.31157
336.21464
339.54095
339.64787
339.58992
339.58991
339.56005
339.51449
339.46611
339.38805
339.32296
339.23164
339.15759
339.0607
338.98432
338.88485
338.81021
338.70995
338.63909
338.53919
338.473
338.37404
338.31284
338.21505
338.1589
338.06231
338.01114
337.91566
337.86934
337.77481
337.73316
337.63941
337.60225
337.50906
337.47624
337.38341
337.35478
337.2621
337.23754
337.14479
337.12419
337.03118
337.01444
336.92101
336.908
336.81402
336.80459
336.71002
336.70394
336.60883
336.60582
336.51012
339.57594
339.66315
339.61967
339.61778
339.60238
339.56731
339.53605
339.47272
339.42471
339.34686
339.28832
339.20266
339.13964
339.04935
338.98598
338.89318
338.83178
338.73791
338.67967
338.58562
338.53114
338.43734
338.38691
338.2936
338.24733
338.15456
338.11245
338.02019
337.98218
337.89035
337.85634
337.76481
337.73472
337.64336
337.61708
337.52572
337.50317
337.41167
337.39275
337.30097
337.28559
337.19341
337.18144
337.08879
337.08008
336.98694
336.98129
336.8877
336.88488
336.79075
339.60824
339.67963
339.6471
339.6425
339.63703
339.60911
339.59125
339.53978
339.50645
339.44046
339.39606
339.3209
339.27058
339.18929
339.13695
339.05173
338.99979
338.91229
338.86215
338.77342
338.72588
338.63655
338.59209
338.50255
338.46143
338.37188
338.33421
338.24473
338.21057
338.12116
338.0905
338.00112
337.97391
337.88449
337.86069
337.77114
337.75069
337.66091
337.64373
337.55363
337.53965
337.44917
337.43826
337.34736
337.33939
337.24807
337.24286
337.15115
337.14854
337.05633
339.63813
339.69653
339.67271
339.66521
339.6664
339.64301
339.63532
339.59303
339.57195
339.51605
339.48418
339.41855
339.37998
339.30724
339.26543
339.18771
339.14503
339.06401
339.02193
338.93879
338.89825
338.81375
338.77537
338.69001
338.65416
338.56827
338.53519
338.44893
338.41876
338.33223
338.30503
338.21826
338.19404
338.10702
338.08577
337.99847
337.98018
337.89256
337.87717
337.78919
337.77663
337.68826
337.67843
337.58967
337.58246
337.49333
337.48859
337.39909
337.39672
337.30676
339.66582
339.71334
339.69673
339.68653
339.69214
339.67135
339.67114
339.63567
339.62453
339.57694
339.5559
339.49866
339.47068
339.40588
339.37387
339.30337
339.2695
339.19494
339.16069
339.08327
339.04964
338.9702
338.93788
338.85701
338.82647
338.74458
338.71615
338.63349
338.60737
338.52411
338.50043
338.41667
338.39549
338.31127
338.29264
338.20799
338.1919
338.10684
338.09326
338.00778
337.99667
337.91078
337.90207
337.81579
337.80937
337.72274
337.71851
337.63154
337.62941
337.54201
339.69154
339.72973
339.71926
339.70673
339.71529
339.69577
339.70093
339.67031
339.66701
339.62606
339.61411
339.56409
339.54543
339.48779
339.46469
339.40099
339.37535
339.30706
339.28026
339.20856
339.18159
339.10733
339.08094
339.00475
338.97946
338.90182
338.87802
338.79925
338.77718
338.69751
338.67737
338.59695
338.57884
338.49777
338.48176
338.40012
338.38624
338.30408
338.29233
338.20969
338.20005
338.11697
338.10937
338.02591
338.02028
337.93647
337.93275
337.84859
337.84672
337.76216
339.71547
339.74558
339.74036
339.72593
339.7365
339.7174
339.72631
339.699
339.7017
339.66591
339.66141
339.61742
339.60676
339.55545
339.54028
339.48283
339.4647
339.40238
339.38252
339.31641
339.29576
339.22668
339.20597
339.13457
339.11436
339.04115
339.02186
338.9472
338.92912
338.85329
338.83664
338.75983
338.74476
338.66713
338.65372
338.57538
338.56371
338.48474
338.47482
338.39531
338.38713
338.30715
338.30068
338.22029
338.21548
338.13474
338.13155
338.05047
338.04886
337.96739
339.73778
339.76081
339.76007
339.74414
339.75613
339.73695
339.74844
339.72327
339.73046
339.69854
339.69999
339.66093
339.65698
339.61114
339.60286
339.55106
339.53964
339.48289
339.46937
339.40862
339.39384
339.32985
339.31449
339.24789
339.23252
339.16382
339.14886
339.07845
339.06422
338.99241
338.97915
338.90617
338.89406
338.8201
338.80924
338.73444
338.72493
338.64941
338.64128
338.56515
338.55842
338.48178
338.47642
338.39934
338.39535
338.3179
338.31524
338.23745
338.23611
338.15796
339.75861
339.77541
339.77843
339.76135
339.77438
339.75488
339.76811
339.74425
339.7547
339.72562
339.73168
339.69658
339.6981
339.65692
339.65448
339.60769
339.60213
339.55051
339.54265
339.48697
339.47753
339.41845
339.40805
339.34617
339.33533
339.27114
339.26027
339.19418
339.18361
339.11593
339.10592
339.03692
339.02765
338.95752
338.94913
338.87805
338.87063
338.79875
338.79236
338.71981
338.71448
338.64137
338.63711
338.56353
338.56034
338.48637
338.48424
338.40993
338.40886
338.3342
339.77809
339.78938
339.79551
339.77755
339.79135
339.77145
339.78582
339.76273
339.77547
339.74841
339.75797
339.72598
339.73185
339.69457
339.69697
339.65457
339.65402
339.60704
339.60414
339.55316
339.5485
339.4941
339.48819
339.43089
339.4242
339.36447
339.35739
339.29561
339.28848
339.22498
339.21803
339.15307
339.14649
339.0803
339.07426
339.00703
339.00161
338.93351
338.92879
338.85996
338.85599
338.78655
338.78336
338.71342
338.71102
338.64067
338.63906
338.56836
338.56755
338.49653
339.79632
339.80272
339.81135
339.79272
339.8071
339.7868
339.80191
339.77923
339.79353
339.76791
339.78001
339.75044
339.75969
339.72563
339.73194
339.69333
339.69696
339.65412
339.65547
339.60883
339.60833
339.55833
339.55642
339.50351
339.50056
339.44516
339.44154
339.38401
339.38003
339.32069
339.31657
339.25569
339.25163
339.18943
339.18558
339.12227
339.11874
339.0545
339.05137
338.98634
338.98367
338.918
338.91583
338.84963
338.84798
338.78136
338.78025
338.71327
338.71271
338.64543
339.81337
339.81544
339.82601
339.80686
339.82163
339.80101
339.81656
339.79412
339.80941
339.78482
339.79871
339.77102
339.78279
339.75137
339.76075
339.72539
339.73243
339.69324
339.69816
339.65544
339.65852
339.6126
339.61417
339.56541
339.56578
339.51453
339.51402
339.46062
339.45949
339.40424
339.40271
339.34586
339.34411
339.2859
339.28408
339.22471
339.22293
339.16258
339.16093
339.09976
339.0983
339.03646
339.03524
338.97285
338.97191
338.90907
338.90843
338.84524
338.84492
338.78144
339.82931
339.82752
339.8395
339.81995
339.83496
339.81409
339.82988
339.8076
339.82349
339.79964
339.81473
339.7885
339.8021
339.77284
339.78456
339.75195
339.76168
339.72572
339.73353
339.69436
339.70042
339.65826
339.66279
339.61792
339.62116
339.57386
339.57607
339.52665
339.52804
339.47678
339.47756
339.42467
339.42501
339.37073
339.37075
339.31529
339.31511
339.25864
339.25835
339.20104
339.2007
339.14269
339.14236
339.08379
339.08351
339.02448
339.02428
338.9649
338.9648
338.90515
339.84419
339.8389
339.85185
339.83198
339.84709
339.82607
339.84194
339.81981
339.83601
339.81275
339.82857
339.80351
339.81835
339.79088
339.80429
339.77404
339.78583
339.75267
339.76278
339.72678
339.73527
339.69654
339.70353
339.66226
339.66793
339.62436
339.62889
339.58327
339.58686
339.53941
339.54223
339.49319
339.49536
339.44494
339.4466
339.39498
339.39623
339.34359
339.34453
339.29103
339.29171
339.2375
339.23798
339.1832
339.18353
339.12829
339.1285
339.07291
339.07301
339.01717
339.85799
339.84952
339.86302
339.84291
339.85799
339.83693
339.85277
339.83084
339.84712
339.82437
339.84058
339.81649
339.83211
339.80614
339.82072
339.79248
339.80577
339.77507
339.78693
339.75375
339.76416
339.72852
339.73752
339.69956
339.70723
339.66713
339.67362
339.63157
339.63703
339.59323
339.59778
339.55243
339.55621
339.5095
339.5126
339.4647
339.46723
339.41832
339.42034
339.37058
339.37217
339.3217
339.32291
339.27186
339.27273
339.22123
339.2218
339.16995
339.17024
339.11815
339.87066
339.85927
339.87297
339.85272
339.86767
339.84667
339.86238
339.84072
339.85693
339.83468
339.85102
339.82778
339.84382
339.81912
339.83445
339.80794
339.82226
339.79371
339.80685
339.77617
339.78803
339.7552
339.76574
339.73082
339.74009
339.7032
339.71129
339.67258
339.67958
339.63922
339.64523
339.6034
339.60852
339.56537
339.5697
339.5254
339.52901
339.48371
339.48668
339.44054
339.44292
339.39609
339.39793
339.35052
339.35188
339.30402
339.30492
339.25673
339.25717
339.20877
339.88199
339.868
339.88165
339.86136
339.87611
339.85529
339.8708
339.8495
339.86553
339.8438
339.86008
339.83762
339.8538
339.83023
339.84596
339.82095
339.83592
339.80926
339.82326
339.79481
339.8077
339.77739
339.78909
339.75693
339.76743
339.73349
339.74283
339.70722
339.71546
339.67832
339.68552
339.64699
339.65323
339.61346
339.61881
339.57793
339.58246
339.54063
339.54439
339.50174
339.50479
339.46146
339.46385
339.41997
339.42173
339.37741
339.37858
339.33394
339.33452
339.28968
339.89168
339.87553
339.88898
339.8688
339.8833
339.86279
339.87806
339.8572
339.87297
339.85181
339.86788
339.84618
339.8623
339.83976
339.85561
339.83195
339.84724
339.82225
339.83677
339.8103
339.82387
339.79582
339.80833
339.77867
339.79006
339.75882
339.76909
339.73635
339.74553
339.71139
339.71951
339.68409
339.6912
339.65461
339.66078
339.62315
339.62841
339.58987
339.59429
339.55496
339.55857
339.5186
339.52144
339.48093
339.48304
339.44211
339.44351
339.40228
339.40298
339.36156
339.89935
339.8817
339.89493
339.87503
339.88928
339.86919
339.88418
339.86386
339.87932
339.85877
339.87455
339.85361
339.8695
339.84794
339.86369
339.84126
339.85661
339.83313
339.84787
339.82318
339.83712
339.81111
339.82411
339.79671
339.80868
339.77991
339.79082
339.76071
339.77056
339.73919
339.74799
339.71545
339.72323
339.68961
339.6964
339.66182
339.66766
339.63222
339.63715
339.60097
339.60502
339.56823
339.57143
339.53413
339.53651
339.49882
339.5004
339.46243
339.46322
339.42508
339.90472
339.88641
339.89951
339.88006
339.89408
339.87453
339.88923
339.86952
339.88464
339.86476
339.88017
339.86
339.87557
339.85493
339.87043
339.84914
339.86435
339.84224
339.85696
339.83387
339.84792
339.82374
339.83697
339.81162
339.82391
339.79737
339.80867
339.78096
339.79124
339.76242
339.77167
339.74179
339.75003
339.71917
339.7264
339.69466
339.70092
339.66839
339.67369
339.64047
339.64485
339.61106
339.61453
339.58026
339.58285
339.54822
339.54994
339.51505
339.51591
339.48086
339.90778
339.8897
339.90276
339.88396
339.89776
339.87887
339.89325
339.87424
339.88898
339.86983
339.88483
339.86545
339.88061
339.86088
339.87601
339.85578
339.8707
339.84984
339.86436
339.84272
339.85668
339.83415
339.84737
339.82387
339.83625
339.81174
339.8232
339.79767
339.80817
339.78166
339.79117
339.76373
339.77224
339.74393
339.75144
339.72233
339.72886
339.69903
339.70458
339.67413
339.67872
339.64774
339.6514
339.61997
339.62271
339.59094
339.59276
339.56076
339.56168
339.52953
339.90885
339.8917
339.90482
339.88682
339.90042
339.88228
339.89634
339.87809
339.89242
339.87404
339.8886
339.87003
339.88472
339.86589
339.88057
339.86135
339.87586
339.85615
339.87032
339.85001
339.86369
339.84266
339.8557
339.83386
339.84614
339.82345
339.83488
339.81133
339.82185
339.79746
339.80704
339.78183
339.79045
339.76447
339.77211
339.74542
339.75208
339.72474
339.73043
339.70253
339.70726
339.67887
339.68264
339.65386
339.65668
339.6276
339.62948
339.60017
339.60112
339.57169
339.90851
339.89266
339.90588
339.88877
339.90218
339.88485
339.89858
339.88113
339.89505
339.87747
339.89155
339.87383
339.888
339.87006
339.88421
339.86597
339.87997
339.86134
339.87505
339.85594
339.86922
339.84954
339.86224
339.8419
339.85392
339.83287
339.84411
339.82234
339.83273
339.81025
339.81975
339.79656
339.80514
339.78129
339.78892
339.76444
339.77112
339.74607
339.7518
339.72625
339.73101
339.70503
339.70884
339.6825
339.68535
339.65874
339.66065
339.63384
339.6348
339.60788
339.90736
339.89288
339.90612
339.88996
339.90315
339.88668
339.90006
339.88344
339.89693
339.88019
339.89378
339.87689
339.89052
339.87345
339.88704
339.86972
339.88315
339.86553
339.87869
339.86069
339.87345
339.855
339.86724
339.84826
339.85987
339.84031
339.85121
339.83105
339.84117
339.8204
339.8297
339.80834
339.81676
339.79482
339.80234
339.77987
339.78646
339.7635
339.76916
339.74576
339.75049
339.7267
339.73049
339.70639
339.70923
339.68489
339.68679
339.66228
339.66324
339.63863
339.90586
339.89261
339.90576
339.89054
339.90348
339.88789
339.90089
339.88512
339.89816
339.88226
339.89534
339.87929
339.89235
339.87614
339.88912
339.8727
339.8855
339.86882
339.88136
339.86438
339.87655
339.8592
339.87089
339.85312
339.86424
339.846
339.85646
339.83773
339.84747
339.82825
339.83722
339.8175
339.82565
339.80545
339.81275
339.79209
339.79851
339.77744
339.78296
339.76151
339.76613
339.74435
339.74806
339.72601
339.72879
339.70653
339.7084
339.68599
339.68692
339.66443
339.90427
339.89205
339.90496
339.89065
339.90328
339.88856
339.90117
339.88625
339.89882
339.88377
339.8963
339.88109
339.89356
339.87818
339.89052
339.87495
339.88707
339.87128
339.88314
339.8671
339.8786
339.86226
339.87332
339.85665
339.86717
339.85012
339.86005
339.84261
339.85188
339.83403
339.84259
339.82434
339.83213
339.81349
339.82048
339.80146
339.80763
339.78826
339.79358
339.77389
339.77835
339.75838
339.76196
339.74177
339.74446
339.72409
339.72589
339.70539
339.70629
339.68572
339.9027
339.89135
339.90387
339.8904
339.90267
339.88881
339.90098
339.88691
339.89899
339.88476
339.89674
339.88234
339.89419
339.87962
339.89128
339.87651
339.88793
339.87296
339.88409
339.86891
339.87969
339.86427
339.87464
339.85894
339.86882
339.85283
339.86215
339.84586
339.85458
339.83796
339.84603
339.8291
339.83646
339.81921
339.82583
339.80828
339.81413
339.79629
339.80135
339.78324
339.78749
339.76916
339.77257
339.75405
339.75662
339.73795
339.73967
339.72089
339.72176
339.70292
339.90114
339.89057
339.90259
339.8899
339.90175
339.88872
339.90043
339.88717
339.89873
339.8853
339.8967
339.88308
339.89428
339.88047
339.89143
339.87741
339.88809
339.87388
339.88425
339.86985
339.87987
339.86527
339.8749
339.86009
339.86926
339.85421
339.86288
339.8476
339.85572
339.8402
339.84772
339.83196
339.83884
339.82283
339.82903
339.81278
339.81827
339.80179
339.80654
339.78986
339.79385
339.77699
339.7802
339.76318
339.76561
339.74846
339.75009
339.73286
339.73368
339.71639
339.8996
339.88976
339.90118
339.88922
339.9006
339.88835
339.89957
339.88709
339.89812
339.88544
339.89623
339.88334
339.89387
339.88076
339.89098
339.87765
339.88756
339.87404
339.88362
339.86992
339.87916
339.8653
339.87415
339.86012
339.86855
339.85435
339.86232
339.84795
339.85542
339.84087
339.8478
339.83308
339.83943
339.82452
339.83025
339.81517
339.82025
339.80499
339.80941
339.79399
339.7977
339.78214
339.78514
339.76946
339.77172
339.75594
339.75746
339.74161
339.74238
339.72649
339.89804
339.88893
339.89968
339.88841
339.89928
339.88778
339.89847
339.88673
339.89718
339.88521
339.89536
339.88314
339.89295
339.88048
339.88994
339.87723
339.88635
339.87344
339.8822
339.86913
339.87755
339.86434
339.8724
339.85906
339.86673
339.85327
339.86052
339.84695
339.85375
339.84006
339.84638
339.83257
339.83837
339.82443
339.82968
339.81562
339.82028
339.8061
339.81015
339.79585
339.79926
339.78487
339.78762
339.77314
339.77522
339.76066
339.76206
339.74745
339.74815
339.7335
339.89645
339.88809
339.89812
339.88751
339.89783
339.88703
339.89717
339.88611
339.89596
339.88463
339.89409
339.88248
339.89154
339.87963
339.88829
339.87612
339.8844
339.87204
339.87996
339.86745
339.87503
339.8624
339.86964
339.85692
339.86381
339.85101
339.85752
339.84465
339.85077
339.83783
339.84352
339.83052
339.83575
339.82267
339.82741
339.81426
339.81848
339.80526
339.80893
339.79563
339.79873
339.78536
339.78787
339.77444
339.77634
339.76286
339.76413
339.75062
339.75126
339.73772
339.89482
339.88724
339.89651
339.88653
339.89629
339.88615
339.8957
339.88527
339.89446
339.8837
339.89242
339.88132
339.88958
339.87816
339.88597
339.87428
339.88169
339.8698
339.87686
339.86482
339.87156
339.85943
339.86585
339.85367
339.85977
339.84755
339.85332
339.84107
339.8465
339.83423
339.83929
339.827
339.83165
339.81934
339.82356
339.81122
339.81499
339.80261
339.8059
339.79349
339.79626
339.78381
339.78606
339.77357
339.77527
339.76276
339.7639
339.75136
339.75194
339.73937
339.89314
339.88637
339.89484
339.88549
339.89466
339.88514
339.89408
339.88419
339.89267
339.88239
339.89032
339.87964
339.88704
339.87601
339.88294
339.87163
339.87816
339.86665
339.87283
339.86121
339.86709
339.8554
339.861
339.84928
339.8546
339.84288
339.84792
339.83622
339.84096
339.82929
339.83371
339.82206
339.82613
339.8145
339.81821
339.80658
339.8099
339.79828
339.80117
339.78954
339.79199
339.78036
339.78235
339.7707
339.7722
339.76054
339.76155
339.74987
339.75038
339.73869
339.89141
339.88549
339.89313
339.8844
339.89297
339.88402
339.89229
339.88285
339.89055
339.88064
339.8877
339.87735
339.88383
339.87311
339.87911
339.8681
339.87371
339.86253
339.86782
339.85654
339.86156
339.85025
339.85502
339.84372
339.84826
339.837
339.8413
339.83009
339.83415
339.82301
339.82681
339.81572
339.81924
339.8082
339.81141
339.80042
339.80329
339.79234
339.79485
339.78392
339.78605
339.77514
339.77687
339.76596
339.76728
339.75637
339.75726
339.74634
339.74679
339.73586
339.88959
339.88459
339.89137
339.88326
339.89121
339.88275
339.89029
339.88121
339.88805
339.87839
339.8845
339.87436
339.87987
339.86935
339.87438
339.86361
339.86827
339.85735
339.86173
339.85074
339.8549
339.84392
339.84788
339.83694
339.84071
339.82985
339.83345
339.82268
339.82608
339.81541
339.8186
339.80802
339.81099
339.8005
339.80321
339.7928
339.79524
339.78488
339.78702
339.77672
339.77854
339.76827
339.76975
339.75951
339.76063
339.7504
339.75116
339.74093
339.74131
339.73107
339.8877
339.88367
339.88955
339.88207
339.88935
339.88131
339.88803
339.87916
339.88505
339.8755
339.88059
339.87055
339.87502
339.86463
339.86865
339.85803
339.86173
339.851
339.85448
339.84374
339.84704
339.83634
339.83951
339.82889
339.83193
339.82143
339.82433
339.81396
339.81673
339.80648
339.8091
339.79898
339.80142
339.79142
339.79366
339.78376
339.78579
339.77598
339.77776
339.76802
339.76954
339.75985
339.7611
339.75144
339.75239
339.74276
339.7434
339.73378
339.7341
339.72447
339.8857
339.88274
339.88768
339.88082
339.88736
339.87962
339.88542
339.8766
339.88142
339.87186
339.87583
339.86578
339.86916
339.8588
339.86179
339.85125
339.85399
339.84341
339.84599
339.83544
339.83792
339.82746
339.82986
339.81953
339.82186
339.81168
339.81393
339.80392
339.80609
339.79624
339.7983
339.78861
339.79055
339.781
339.7828
339.77337
339.77501
339.76568
339.76713
339.7579
339.75914
339.74998
339.75099
339.74188
339.74266
339.73357
339.7341
339.72503
339.72529
339.71621
339.88358
339.88182
339.88573
339.8795
339.88517
339.87759
339.88231
339.87338
339.877
339.86728
339.87005
339.85989
339.86213
339.85172
339.85366
339.84316
339.84494
339.83446
339.83616
339.82578
339.82745
339.81722
339.81888
339.80882
339.81047
339.8006
339.80223
339.79256
339.79416
339.78468
339.78623
339.77693
339.77841
339.76927
339.77066
339.76166
339.76293
339.75406
339.7552
339.74643
339.74741
339.73873
339.73953
339.73091
339.73153
339.72294
339.72336
339.71479
339.715
339.70642
339.88134
339.88093
339.88371
339.87806
339.88268
339.87506
339.87853
339.86928
339.87158
339.86156
339.86306
339.85269
339.85375
339.84325
339.84413
339.83363
339.83446
339.82406
339.82491
339.81469
339.81559
339.80557
339.80653
339.79673
339.79774
339.78817
339.78922
339.77987
339.78095
339.77182
339.77289
339.76396
339.76501
339.75626
339.75727
339.74868
339.74962
339.74117
339.74202
339.73369
339.73442
339.72618
339.7268
339.71862
339.7191
339.71097
339.71129
339.70318
339.70334
339.69522
339.87894
339.88013
339.88157
339.87643
339.87973
339.87185
339.87386
339.86409
339.86494
339.85449
339.85465
339.844
339.84388
339.83324
339.83307
339.82255
339.82246
339.81214
339.81218
339.8021
339.80228
339.79247
339.79278
339.78323
339.78365
339.77437
339.77489
339.76586
339.76645
339.75766
339.7583
339.74973
339.75039
339.74202
339.74267
339.73448
339.73511
339.72706
339.72765
339.71973
339.72024
339.71242
339.71286
339.70511
339.70545
339.69775
339.69798
339.6903
339.69041
339.68272
339.87637
339.87948
339.87925
339.8745
339.87612
339.8677
339.86801
339.85752
339.85682
339.84583
339.84462
339.83365
339.83235
339.82155
339.82037
339.80983
339.80887
339.79862
339.7979
339.78798
339.78749
339.77789
339.7776
339.76831
339.7682
339.75921
339.75925
339.75054
339.7507
339.74224
339.74249
339.73427
339.73458
339.72658
339.72692
339.7191
339.71946
339.7118
339.71215
339.70462
339.70494
339.69752
339.69779
339.69045
339.69067
339.68337
339.68352
339.67624
339.67632
339.66903
339.87361
339.87907
339.87664
339.87206
339.87156
339.8623
339.86069
339.8493
339.84695
339.83536
339.83277
339.82146
339.81901
339.80806
339.80593
339.79537
339.79361
339.78346
339.78204
339.77229
339.7712
339.76182
339.761
339.75198
339.7514
339.7427
339.74232
339.73393
339.7337
339.72559
339.72549
339.71763
339.71763
339.70999
339.71005
339.70261
339.70272
339.69544
339.69558
339.68843
339.68858
339.68154
339.68167
339.67472
339.67483
339.66792
339.668
339.66111
339.66115
339.65425
339.87065
339.87897
339.87356
339.86885
339.8657
339.85529
339.85154
339.83911
339.83508
339.82285
339.81892
339.80727
339.80375
339.79267
339.78967
339.77913
339.77664
339.76661
339.76458
339.75503
339.7534
339.74428
339.74299
339.73426
339.73326
339.72488
339.72413
339.71607
339.71551
339.70775
339.70735
339.69984
339.69957
339.6923
339.69213
339.68505
339.68495
339.67805
339.678
339.67124
339.67122
339.66457
339.66458
339.658
339.65801
339.65149
339.6515
339.64499
339.645
339.63847
339.86745
339.87922
339.86974
339.8645
339.85811
339.84627
339.84023
339.82666
339.82097
339.80811
339.80292
339.79098
339.78647
339.77532
339.77154
339.76107
339.75794
339.74809
339.74552
339.73621
339.73412
339.72528
339.7236
339.71518
339.71383
339.70579
339.70472
339.69701
339.69617
339.68877
339.68812
339.68098
339.68048
339.67357
339.6732
339.66649
339.66622
339.65969
339.65949
339.65309
339.65295
339.64667
339.64657
339.64037
339.6403
339.63414
339.63411
339.62796
339.62794
339.62178
339.864
339.87977
339.86481
339.85852
339.84833
339.83481
339.8264
339.81169
339.8044
339.79098
339.78464
339.77249
339.76713
339.75598
339.75153
339.7412
339.73753
339.7279
339.7249
339.71586
339.7134
339.70488
339.70287
339.6948
339.69316
339.68548
339.68415
339.67681
339.67575
339.66871
339.66786
339.66109
339.66041
339.65388
339.65334
339.64701
339.64659
339.64043
339.6401
339.63408
339.63383
339.62792
339.62773
339.6219
339.62177
339.61598
339.61589
339.61011
339.61007
339.60427
339.86025
339.88041
339.85824
339.85035
339.83585
339.82051
339.80975
339.79396
339.78523
339.77136
339.76402
339.75178
339.7457
339.73465
339.72965
339.71954
339.71545
339.70611
339.70275
339.69405
339.6913
339.68313
339.68087
339.67317
339.67132
339.66402
339.66249
339.65554
339.6543
339.64765
339.64664
339.64025
339.63943
339.63328
339.63261
339.62666
339.62613
339.62034
339.61992
339.61427
339.61394
339.60839
339.60814
339.60267
339.60249
339.59706
339.59694
339.59152
339.59146
339.58602
339.85612
339.8807
339.84941
339.83932
339.82019
339.80299
339.79003
339.77332
339.76334
339.74919
339.74106
339.72885
339.72222
339.71137
339.70598
339.69616
339.69176
339.68277
339.67917
339.67085
339.66789
339.66012
339.65769
339.65039
339.64838
339.64148
339.63982
339.63328
339.63191
339.62566
339.62453
339.61854
339.61762
339.61185
339.61109
339.60553
339.60491
339.5995
339.59901
339.59373
339.59334
339.58816
339.58786
339.58276
339.58253
339.57747
339.57732
339.57227
339.57219
339.56711
339.8515
339.8799
339.83757
339.82475
339.80091
339.78197
339.76707
339.74969
339.73872
339.7245
339.71579
339.70376
339.69676
339.68623
339.68058
339.67115
339.66656
339.65799
339.65424
339.64635
339.64327
339.63594
339.6334
339.62654
339.62443
339.61797
339.61622
339.6101
339.60865
339.60282
339.60162
339.59604
339.59504
339.58968
339.58886
339.58369
339.58301
339.57799
339.57744
339.57255
339.57211
339.56731
339.56697
339.56224
339.56198
339.55729
339.55712
339.55243
339.55234
339.54763
339.84623
339.87693
339.8219
339.80596
339.77766
339.75725
339.74082
339.72308
339.71143
339.69736
339.68831
339.67663
339.66944
339.65934
339.65359
339.64463
339.63997
339.63188
339.62808
339.62067
339.61755
339.6107
339.60811
339.60172
339.59958
339.59357
339.59179
339.58611
339.58463
339.57923
339.57799
339.57283
339.5718
339.56685
339.56599
339.56121
339.56051
339.55588
339.5553
339.55079
339.55032
339.5459
339.54553
339.54118
339.5409
339.53658
339.5364
339.53208
339.53198
339.52763
339.84003
339.87033
339.80157
339.78238
339.75024
339.72877
339.71131
339.69358
339.6816
339.66792
339.65877
339.6476
339.64041
339.63086
339.62514
339.61673
339.61211
339.60456
339.6008
339.59393
339.59084
339.5845
339.58194
339.57604
339.57392
339.56839
339.56662
339.5614
339.55992
339.55496
339.55372
339.549
339.54796
339.54343
339.54256
339.53819
339.53747
339.53324
339.53265
339.52853
339.52805
339.52401
339.52363
339.51965
339.51937
339.51542
339.51523
339.51128
339.51118
339.5072
339.8325
339.85838
339.77582
339.75358
339.7186
339.69663
339.67871
339.66138
339.64941
339.63636
339.62736
339.61686
339.60985
339.60095
339.59539
339.58761
339.58314
339.57619
339.57256
339.56625
339.56326
339.55747
339.555
339.54962
339.54756
339.54252
339.54081
339.53606
339.53462
339.53012
339.52891
339.52462
339.52361
339.5195
339.51865
339.51469
339.51399
339.51015
339.50957
339.50584
339.50537
339.50171
339.50134
339.49773
339.49745
339.49388
339.49368
339.49011
339.49
339.48639
339.82308
339.83924
339.74409
339.71937
339.68288
339.66104
339.64327
339.62673
339.61513
339.60294
339.59432
339.58462
339.57795
339.5698
339.56453
339.55744
339.55321
339.54691
339.54348
339.53778
339.53495
339.52973
339.52739
339.52255
339.5206
339.51608
339.51445
339.51019
339.50882
339.50479
339.50364
339.4998
339.49883
339.49515
339.49434
339.4908
339.49012
339.48669
339.48613
339.48279
339.48233
339.47906
339.4787
339.47548
339.4752
339.47201
339.47182
339.46862
339.46851
339.46528
339.81095
339.81111
339.70609
339.67983
339.64338
339.62235
339.60532
339.58996
339.57903
339.56791
339.55987
339.5511
339.54492
339.5376
339.53272
339.52639
339.52249
339.51687
339.5137
339.50863
339.50603
339.50139
339.49924
339.49495
339.49315
339.48915
339.48765
339.48388
339.48262
339.47905
339.47799
339.47459
339.4737
339.47045
339.4697
339.46657
339.46594
339.46291
339.46239
339.45944
339.45902
339.45613
339.45579
339.45295
339.45269
339.44987
339.44969
339.44687
339.44677
339.44391
339.79499
339.77249
339.66189
339.63536
339.60053
339.581
339.56525
339.5514
339.54145
339.53155
339.52428
339.51654
339.51097
339.50454
339.50016
339.49462
339.49111
339.48621
339.48337
339.47895
339.47662
339.47258
339.47065
339.46692
339.46531
339.46183
339.46048
339.45722
339.45608
339.45299
339.45203
339.44909
339.44828
339.44547
339.44479
339.44208
339.44151
339.43889
339.43841
339.43586
339.43548
339.43298
339.43267
339.43021
339.42997
339.42753
339.42736
339.42492
339.42483
339.42235
339.77356
339.72243
339.61195
339.58662
339.55489
339.53748
339.52349
339.51143
339.50268
339.49415
339.48779
339.48116
339.4763
339.47082
339.467
339.46229
339.45924
339.45507
339.4526
339.44885
339.44682
339.44341
339.44172
339.43857
339.43717
339.43422
339.43305
339.43028
339.42929
339.42668
339.42584
339.42336
339.42265
339.42027
339.41968
339.41739
339.41689
339.41467
339.41426
339.4121
339.41176
339.40965
339.40938
339.4073
339.40709
339.40503
339.40488
339.40281
339.40273
339.40063
339.74422
339.6607
339.55709
339.53446
339.50707
339.4923
339.48045
339.47039
339.46303
339.45597
339.45064
339.44518
339.44111
339.4366
339.43341
339.42954
339.42699
339.42358
339.42152
339.41845
339.41675
339.41396
339.41255
339.40997
339.4088
339.40639
339.40541
339.40315
339.40232
339.40018
339.39949
339.39745
339.39686
339.39492
339.39442
339.39255
339.39213
339.39032
339.38997
339.38821
339.38792
339.3862
339.38597
339.38427
339.38409
339.3824
339.38228
339.38059
339.38052
339.3788
339.70322
339.58814
339.49843
339.4798
339.45772
339.44596
339.43653
339.42861
339.42278
339.41725
339.41304
339.40877
339.40556
339.40204
339.39953
339.39651
339.3945
339.39185
339.39022
339.38783
339.38649
339.38432
339.38321
339.38121
339.38028
339.37841
339.37763
339.37588
339.37522
339.37357
339.37301
339.37143
339.37097
339.36946
339.36906
339.36761
339.36728
339.36587
339.36559
339.36423
339.364
339.36266
339.36248
339.36116
339.36101
339.3597
339.3596
339.35829
339.35823
339.3569
339.644
339.50636
339.43721
339.42351
339.40738
339.39888
339.39206
339.38637
339.38215
339.37819
339.37515
339.3721
339.36979
339.36727
339.36546
339.36331
339.36186
339.35996
339.35879
339.35708
339.35612
339.35457
339.35377
339.35234
339.35167
339.35034
339.34978
339.34852
339.34805
339.34687
339.34647
339.34534
339.34501
339.34393
339.34364
339.34261
339.34237
339.34136
339.34116
339.34019
339.34002
339.33907
339.33893
339.33799
339.33789
339.33695
339.33688
339.33594
339.3359
339.33495
339.55459
339.41806
339.37461
339.36633
339.35654
339.35142
339.3473
339.34388
339.34134
339.33896
339.33713
339.33529
339.3339
339.33239
339.3313
339.33001
339.32913
339.328
339.32729
339.32627
339.32569
339.32476
339.32427
339.32342
339.32301
339.32221
339.32188
339.32113
339.32084
339.32013
339.31989
339.31922
339.31901
339.31837
339.31819
339.31757
339.31743
339.31683
339.31671
339.31612
339.31602
339.31545
339.31537
339.3148
339.31474
339.31418
339.31413
339.31357
339.31355
339.31298
339.40975
339.32625
339.31154
339.3088
339.30552
339.30381
339.30244
339.3013
339.30045
339.29966
339.29904
339.29843
339.29797
339.29747
339.2971
339.29667
339.29638
339.296
339.29576
339.29542
339.29523
339.29492
339.29476
339.29447
339.29434
339.29407
339.29396
339.29371
339.29361
339.29338
339.2933
339.29307
339.29301
339.29279
339.29273
339.29253
339.29248
339.29228
339.29224
339.29204
339.29201
339.29182
339.29179
339.2916
339.29158
339.29139
339.29138
339.29119
339.29118
339.29099
)
;

boundaryField
{
    inlet
    {
        type            fixedValue;
        value           uniform 339.9;
    }
    outlet
    {
        type            zeroGradient;
    }
    wall_membrane
    {
        type            groovyBC;
        refValue        nonuniform List<scalar> 
50
(
330.08394
330.04872
330.0135
329.97828
329.94306
329.90784
329.87262
329.8374
329.80218
329.76696
329.73174
329.69652
329.6613
329.62608
329.59086
329.55564
329.52042
329.4852
329.44998
329.41476
329.37954
329.34432
329.3091
329.27388
329.23866
329.20344
329.16822
329.133
329.09778
329.06256
329.02734
328.99212
328.9569
328.92168
328.88646
328.85124
328.81602
328.7808
328.74557
328.71035
328.67513
328.63991
328.60469
328.56947
328.53425
328.49903
328.46381
328.42859
328.39337
328.35815
)
;
        refGradient     uniform 0;
        valueFraction   uniform 1;
        source          uniform 0;
        value           nonuniform List<scalar> 
50
(
330.08394
330.04872
330.0135
329.97828
329.94306
329.90784
329.87262
329.8374
329.80218
329.76696
329.73174
329.69652
329.6613
329.62608
329.59086
329.55564
329.52042
329.4852
329.44998
329.41476
329.37954
329.34432
329.3091
329.27388
329.23866
329.20344
329.16822
329.133
329.09778
329.06256
329.02734
328.99212
328.9569
328.92168
328.88646
328.85124
328.81602
328.7808
328.74557
328.71035
328.67513
328.63991
328.60469
328.56947
328.53425
328.49903
328.46381
328.42859
328.39337
328.35815
)
;
        valueExpression "Tm";
        gradientExpression "0";
        fractionExpression "1";
        evaluateDuringConstruction 0;
        cyclicSlave     0;
        variables       
12
(
"T_a=339.9;"
"L=0.15;"
"Tp_in=301.5;"
"Tp_out=307.35;"
"T_p=Tp_out-(Tp_out-Tp_in)/L*pos().x;"
"delta_mem=0.0001;"
"lambda_mem=0.053;"
"lambda_alim=0.66;"
"delta_alim=0.001;"
"h_agua=613;"
"h_ef=(lambda_alim/delta_alim)*(1/h_agua+delta_mem/lambda_mem);"
"Tm=((Tp_out-(Tp_out-Tp_in)/L*pos().x)+h_ef*T_a)/(1+h_ef);"
)
;
        timelines       (
);
        lookuptables    (
);
        lookuptables2D  (
);
    }
    wall_up
    {
        type            groovyBC;
        refValue        uniform 339.28;
        refGradient     uniform 0;
        valueFraction   uniform 1;
        source          uniform 0;
        value           uniform 339.28;
        valueExpression "T_m";
        gradientExpression "0";
        fractionExpression "1";
        evaluateDuringConstruction 0;
        cyclicSlave     0;
        variables       
10
(
"T_a=339.9;"
"Text=298;"
"L=0.15;"
"delta_ext=0.0132;"
"lambda_ext=15;"
"lambda_alim=0.66;"
"delta_alim=0.001;"
"h_ext=10;"
"h_ef=lambda_alim/delta_alim*(1/h_ext+delta_ext/lambda_ext);"
"T_m=(Text+h_ef*T_a)/(1+h_ef);"
)
;
        timelines       (
);
        lookuptables    (
);
        lookuptables2D  (
);
    }
    sides
    {
        type            empty;
    }
}


// ************************************************************************* //
