/*--------------------------------*- C++ -*----------------------------------*\
| =========                 |                                                 |
| \\      /  F ield         | OpenFOAM: The Open Source CFD Toolbox           |
|  \\    /   O peration     | Version:  2312                                  |
|   \\  /    A nd           | Website:  www.openfoam.com                      |
|    \\/     M anipulation  |                                                 |
\*---------------------------------------------------------------------------*/
FoamFile
{
    version     2.0;
    format      ascii;
    arch        "LSB;label=32;scalar=64";
    class       volScalarField;
    location    "2";
    object      T;
}
// * * * * * * * * * * * * * * * * * * * * * * * * * * * * * * * * * * * * * //

dimensions      [0 0 0 1 0 0 0];

internalField   nonuniform List<scalar> 
4000
(
329.77599
328.57766
328.39
328.31075
328.25495
328.20248
328.1618
328.11868
328.0842
328.04555
328.01395
327.978
327.94801
327.91389
327.88493
327.85212
327.82383
327.792
327.76419
327.73312
327.70567
327.6752
327.64802
327.61805
327.59109
327.56155
327.53479
327.50564
327.47907
327.45027
327.42391
327.39544
327.36929
327.34112
327.31518
327.28729
327.26155
327.23392
327.20837
327.18096
327.15559
327.12836
327.10316
327.07606
327.05101
327.02399
326.99912
326.97205
326.94753
326.91977
331.8512
329.79089
329.28686
329.10134
328.98621
328.88114
328.81125
328.73417
328.68289
328.61919
328.57652
328.52092
328.48312
328.43299
328.39825
328.35204
328.31935
328.27607
328.24482
328.20382
328.17362
328.13444
328.10504
328.06736
328.03864
328.00224
327.97412
327.93886
327.91133
327.87712
327.8502
327.81697
327.79067
327.75835
327.73269
327.70121
327.67616
327.64544
327.62097
327.59091
327.56697
327.53746
327.514
327.4849
327.46192
327.43302
327.41059
327.38156
327.36017
327.32919
333.17223
330.96638
330.17697
329.88806
329.71458
329.55769
329.45873
329.34812
329.28001
329.19155
329.13776
329.06272
329.01703
328.95107
328.91048
328.85101
328.81384
328.75924
328.72447
328.67365
328.64064
328.59283
328.56118
328.51585
328.48531
328.4421
328.41257
328.37124
328.34269
328.3031
328.27556
328.23757
328.21107
328.1746
328.14913
328.11406
328.08961
328.0558
328.03232
327.9996
327.97701
327.9452
327.92343
327.8923
327.87133
327.84056
327.82051
327.78952
327.77118
327.73725
334.06873
332.06926
331.04931
330.66503
330.43587
330.22909
330.10167
329.95849
329.87368
329.76107
329.69614
329.60212
329.54847
329.46702
329.42049
329.34805
329.3063
329.24062
329.20224
329.1418
329.10589
329.04963
329.01562
328.96279
328.93035
328.88045
328.84942
328.80212
328.77246
328.72754
328.69927
328.65658
328.62975
328.58914
328.56377
328.52509
328.50113
328.4642
328.4416
328.40621
328.38485
328.35073
328.33052
328.29737
328.27829
328.24565
328.22788
328.19495
328.17953
328.143
334.70453
333.06871
331.88962
331.42412
331.14441
330.89116
330.7366
330.56249
330.4614
330.32567
330.24971
330.13743
330.07581
329.97943
329.9269
329.84192
329.79552
329.7191
329.67704
329.60726
329.56837
329.5039
329.46746
329.40734
329.37291
329.31649
329.28386
329.23072
329.19984
329.14969
329.12059
329.07324
329.04596
329.00125
328.97581
328.93354
328.90992
328.86988
328.84799
328.80991
328.78962
328.75319
328.73439
328.69921
328.68188
328.64737
328.63173
328.59691
328.5842
328.54549
335.16997
333.9436
332.68261
332.15564
331.83326
331.53873
331.3593
331.1567
331.04014
330.88277
330.79611
330.6666
330.59713
330.48657
330.42806
330.33114
330.28006
330.19339
330.14757
330.06887
330.02693
329.95459
329.91563
329.8485
329.812
329.7493
329.71498
329.65618
329.62397
329.56874
329.53866
329.48677
329.45889
329.41013
329.38447
329.33864
329.31518
329.27203
329.25067
329.20991
329.1905
329.15175
329.13418
329.09697
329.08121
329.04486
329.03117
328.99452
328.98425
328.94378
335.51829
334.68215
333.41398
332.84921
332.49476
332.16591
331.96494
331.73712
331.60641
331.42938
331.33263
331.18723
331.1102
330.98647
330.92211
330.81403
330.75829
330.662
330.61242
330.52531
330.48027
330.40049
330.35897
330.2852
330.24655
330.17787
330.14177
330.07757
330.04392
329.9838
329.95263
329.89632
329.86769
329.81498
329.78893
329.73959
329.7161
329.66988
329.64884
329.60542
329.58668
329.54563
329.52907
329.48985
329.47544
329.43729
329.42533
329.38694
329.37877
329.33695
335.78364
335.28308
334.07233
333.49484
333.12103
332.76645
332.54836
332.29942
332.15643
331.96221
331.8563
331.69671
331.61261
331.47694
331.40698
331.2887
331.22844
331.1233
331.07001
330.97511
330.927
330.8403
330.79619
330.71622
330.67539
330.6011
330.56318
330.49387
330.45871
330.39393
330.36155
330.30101
330.27149
330.21496
330.18835
330.1356
330.11188
330.06265
330.04172
329.99567
329.97737
329.93405
329.91827
329.87707
329.86379
329.82387
329.81339
329.77339
329.76695
329.72412
335.98901
335.75361
334.6502
334.08392
333.70469
333.33419
333.10431
332.83912
332.68626
332.4778
332.36401
332.19223
332.10178
331.95565
331.88052
331.75315
331.68863
331.57552
331.51867
331.41673
331.36561
331.27261
331.22596
331.1403
331.0973
331.01783
330.97805
330.904
330.86728
330.79813
330.76447
330.69992
330.66941
330.60921
330.5819
330.52585
330.50172
330.44956
330.42852
330.37991
330.36183
330.31628
330.30104
330.25791
330.24549
330.20388
330.1946
330.15311
330.14803
330.10446
336.15056
336.10773
335.14471
334.61013
334.23944
333.86344
333.6278
333.35179
333.19197
332.97265
332.85257
332.67091
332.57507
332.42016
332.34045
332.20529
332.13689
332.01684
331.95668
331.84852
331.79456
331.69596
331.64686
331.55609
331.51099
331.42683
331.38523
331.30684
331.26855
331.19538
331.16039
331.0921
331.0605
330.99686
330.96871
330.90952
330.88481
330.82984
330.8085
330.75741
330.73931
330.69161
330.67666
330.63166
330.61986
330.57662
330.56825
330.52542
330.52133
330.47723
336.28
336.36354
335.55722
335.07002
334.7206
334.34942
334.11436
333.83334
333.66985
333.44336
333.3189
333.12992
333.02985
332.86804
332.78451
332.64301
332.57123
332.44539
332.38226
332.26882
332.21227
332.10883
332.05746
331.96224
331.91514
331.82685
331.7835
331.70124
331.66142
331.58461
331.54829
331.47658
331.44384
331.37701
331.34792
331.28579
331.26036
331.20273
331.18091
331.12745
331.10912
331.05935
331.04445
330.99766
330.98622
330.94145
330.93371
330.88967
330.88622
330.8417
336.38588
336.5409
335.89287
335.46321
335.14542
334.78862
334.56041
334.28024
334.1166
333.88682
333.76011
333.56655
333.46363
333.29695
333.21052
333.06424
332.9897
332.85933
332.79367
332.67597
332.61714
332.50971
332.4563
332.35735
332.30844
332.21662
332.17165
332.08604
332.04477
331.96475
331.92714
331.85237
331.81849
331.74875
331.71867
331.65384
331.62758
331.56747
331.545
331.48933
331.47058
331.41885
331.40379
331.3553
331.34397
331.29776
331.29037
331.24524
331.24215
331.19727
336.47436
336.65925
336.15958
335.79214
335.5133
335.17901
334.96342
334.68975
334.52951
334.30036
334.17368
333.97837
333.87411
333.70469
333.61639
333.46699
333.39046
333.25686
333.18923
333.06834
333.00764
332.89713
332.842
332.74007
332.68958
332.59489
332.54848
332.46008
332.41749
332.33475
332.29593
332.2185
332.18351
332.1112
332.08011
332.01285
331.98569
331.92332
331.90009
331.84237
331.82303
331.76948
331.75405
331.70398
331.69253
331.64499
331.6377
331.59158
331.5886
331.54337
336.54998
336.73612
336.36703
336.0616
335.82572
335.52016
335.32208
335.06003
334.90657
334.68186
334.55751
334.36328
334.25929
334.0893
334.00029
333.84948
333.77177
333.63634
333.56735
333.44442
333.38233
333.26968
333.21319
333.10909
333.05731
332.96044
332.91283
332.82222
332.77851
332.69355
332.65366
332.574
332.53798
332.46349
332.4314
332.36202
332.33392
332.26956
332.24547
332.18591
332.16585
332.11065
332.09468
332.04315
332.03138
331.98261
331.97519
331.92819
331.92511
331.87949
336.61584
336.78588
336.52548
336.27801
336.08604
335.81325
335.63641
335.3903
335.24666
335.02987
334.91007
334.71967
334.61757
334.44915
334.36063
334.21012
334.13215
333.99628
333.92663
333.80281
333.73986
333.62605
333.56863
333.46319
333.41047
333.31213
333.2636
333.1714
333.12679
333.04015
332.99937
332.91795
332.88103
332.80475
332.77173
332.70058
332.67154
332.60548
332.58048
332.51932
332.49844
332.44177
332.42512
332.37228
332.36003
332.31014
332.30242
332.25459
332.25128
332.20521
336.6742
336.81961
336.64498
336.44882
336.29906
336.06087
335.90765
335.68082
335.54949
335.34369
335.23048
335.04642
334.94778
334.78299
334.69616
334.54763
334.47033
334.3354
334.26582
334.14227
334.07905
333.96506
333.90718
333.80124
333.74798
333.64888
333.59976
333.50662
333.46138
333.37361
333.33215
333.24948
333.21181
333.13418
333.10034
333.02779
332.99786
332.93042
332.90449
332.842
332.82024
332.76231
332.74489
332.69089
332.67803
332.62714
332.61896
332.57037
332.56673
332.52014
336.72652
336.84495
336.73464
336.58179
336.47051
336.26674
336.13814
335.93284
335.81568
335.62336
335.51847
335.34298
335.24925
335.08997
335.00601
334.86104
334.78535
334.65269
334.58394
334.4618
334.39892
334.28572
334.22789
334.12228
334.0689
333.96978
333.92043
333.82697
333.7814
333.69308
333.6512
333.56777
333.52955
333.45102
333.4165
333.34296
333.31222
333.24373
333.21693
333.15338
333.13072
333.07176
333.05352
332.99853
332.98497
332.9332
332.92447
332.87516
332.87115
332.82397
336.77387
336.86682
336.8023
336.68442
336.60657
336.43539
336.33114
336.14851
336.04664
335.86966
335.77444
335.60939
335.52182
335.36973
335.2897
335.14975
335.07656
334.94744
334.88026
334.7606
334.69869
334.5872
334.52996
334.42548
334.37243
334.274
334.2248
334.13166
334.0861
333.99779
333.95576
333.8721
333.83356
333.75459
333.71956
333.64544
333.61402
333.54486
333.51724
333.45294
333.42941
333.36965
333.35058
333.29478
333.2805
333.22795
333.21863
333.16865
333.16423
333.11642
336.81694
336.88791
336.85431
336.76354
336.71339
336.57179
336.49051
336.33066
336.2445
336.08402
335.99942
335.84623
335.76584
335.62234
335.54719
335.41353
335.34367
335.21922
335.15433
335.03815
334.97782
334.86893
334.81279
334.71023
334.65795
334.5609
334.51225
334.42004
334.37484
334.2871
334.24522
334.16183
334.12322
334.04429
334.00896
333.93468
333.90273
333.83326
333.80493
333.74021
333.71588
333.65558
333.63571
333.57929
333.56427
333.51108
333.50117
333.45055
333.44574
333.39727
336.85627
336.90941
336.89553
336.825
336.79673
336.68101
336.62049
336.48263
336.41192
336.26845
336.19496
336.0546
335.98213
335.84832
335.77882
335.65253
335.58673
335.46793
335.40598
335.29418
335.23602
335.13052
335.076
334.97608
334.92503
334.83
334.7823
334.69162
334.64712
334.56049
334.51907
334.43645
334.39804
334.31961
334.28419
334.21019
334.17789
334.10849
334.0796
334.01476
333.98975
333.92916
333.90856
333.85172
333.83603
333.78232
333.77184
333.72065
333.71548
333.66634
336.89223
336.93152
336.9295
336.87356
336.86176
336.76791
336.72541
336.60806
336.55195
336.42539
336.36307
336.23607
336.17196
336.0486
335.98533
335.86725
335.8061
335.69379
335.63536
335.52871
335.47324
335.37186
335.31943
335.2228
335.17343
335.08101
335.03464
334.94603
334.90259
334.81757
334.77693
334.69557
334.65763
334.58014
334.54488
334.47156
334.43912
334.37017
334.34089
334.27626
334.2507
334.1901
334.16888
334.11182
334.09553
334.04143
334.03046
333.97876
333.97329
333.92351
336.92516
336.954
336.95862
336.91292
336.91284
336.83692
336.80946
336.71065
336.66785
336.55757
336.50608
336.39254
336.33694
336.22448
336.1678
336.05853
336.00249
335.89731
335.84287
335.74202
335.6897
335.59305
335.54316
335.45038
335.40308
335.31381
335.26915
335.18311
335.14105
335.05813
335.01857
334.9389
334.90171
334.8256
334.79074
334.71851
334.68614
334.618
334.58852
334.52443
334.49848
334.43812
334.41644
334.35936
334.34259
334.28826
334.27687
334.22477
334.21904
334.16868
336.95532
336.97637
336.98444
336.94581
336.95354
336.89194
336.8765
336.79399
336.76291
336.66787
336.62654
336.52617
336.47895
336.37754
336.32761
336.2275
336.17687
336.07928
336.02919
335.93464
335.88585
335.79443
335.74744
335.65901
335.61414
335.52848
335.48587
335.40283
335.36248
335.28208
335.24389
335.16633
335.13015
335.05581
335.02159
334.95084
334.91876
334.85178
334.82232
334.75906
334.73292
334.67307
334.65108
334.59419
334.57708
334.52267
334.51098
334.45858
334.45266
334.40182
336.98295
336.99819
337.00789
336.97414
336.98664
336.93621
336.92999
336.86144
336.84032
336.75918
336.7271
336.63929
336.60009
336.50956
336.46636
336.37553
336.33046
336.24073
336.19523
336.10732
336.06235
335.97653
335.93277
335.84906
335.80693
335.72526
335.68501
335.60535
335.567
335.48948
335.45293
335.37785
335.34293
335.27073
335.2374
335.16846
335.1369
335.07141
335.04217
334.98004
334.95391
334.89482
334.87271
334.81622
334.79893
334.74461
334.73274
334.68017
334.67414
334.62292
337.00829
337.01912
337.02948
336.9992
337.01421
336.97236
336.97286
336.91601
336.90305
336.83431
336.81038
336.73428
336.70254
336.62251
336.58581
336.50416
336.46465
336.38286
336.34209
336.26101
336.22007
336.1401
336.0998
336.0211
335.98197
335.90459
335.86694
335.79098
335.75487
335.68055
335.64587
335.5736
335.54018
335.47043
335.43821
335.37139
335.34059
335.27688
335.24808
335.18735
335.16144
335.10335
335.08131
335.02543
335.00812
334.95406
334.94214
334.88955
334.88348
334.83204
337.03152
337.03893
337.04947
337.02181
337.03777
337.00242
337.00753
336.9603
336.95379
336.89586
336.87892
336.8135
336.78851
336.71838
336.68782
336.61507
336.58098
336.50706
336.47102
336.39682
336.36001
336.28604
336.24935
336.17585
336.13991
336.06704
336.0322
335.96016
335.92651
335.85564
335.82305
335.75384
335.72212
335.6551
335.62419
335.55978
335.52993
335.46826
335.44013
335.38104
335.35557
335.29869
335.27692
335.22184
335.20469
335.15108
335.13923
335.08679
335.08075
335.02925
337.05285
337.05749
337.068
337.04246
337.05833
337.02793
337.03594
336.99649
336.99486
336.94619
336.93505
336.87919
336.86014
336.79919
336.77428
336.71
336.68108
336.61479
336.58339
336.516
336.48333
336.41537
336.38238
336.31417
336.28154
336.21331
336.18143
336.11349
336.08245
336.01523
335.98489
335.91896
335.88911
335.82505
335.79564
335.73385
335.70516
335.64575
335.61848
335.56125
335.53642
335.48096
335.45966
335.40558
335.38875
335.33576
335.32411
335.27201
335.26606
335.2147
337.07243
337.07477
337.08512
337.06144
337.07659
337.04997
337.0596
337.02637
337.02824
336.98738
336.9809
336.93343
336.91949
336.86688
336.84706
336.79068
336.76658
336.70759
336.68064
336.61986
336.59127
336.52923
336.49996
336.43702
336.40776
336.34423
336.3154
336.25165
336.22334
336.15989
336.13194
336.06944
336.04162
335.98067
335.95292
335.89394
335.86658
335.80963
335.78341
335.72822
335.70421
335.65036
335.6297
335.57681
335.56046
335.50828
335.49695
335.44537
335.43958
335.38855
337.0904
337.09079
337.10089
337.0789
337.09299
337.06933
337.07961
337.05133
337.05557
337.02119
337.01831
336.97811
336.96844
336.92328
336.90794
336.85882
336.83913
336.78698
336.76423
336.70977
336.68511
336.62883
336.6032
336.54546
336.51958
336.46072
336.43498
336.37545
336.34993
336.29033
336.26485
336.20588
336.18018
336.12248
336.09652
336.04048
336.01459
335.96024
335.93524
335.88224
335.85924
335.80716
335.78731
335.73577
335.72004
335.66886
335.65795
335.60709
335.60151
335.55101
337.10689
337.10558
337.11533
337.09495
337.10781
337.08654
337.09681
337.07244
337.07814
337.04908
337.04888
337.01488
337.00867
336.97009
336.9586
336.91605
336.90031
336.8545
336.83562
336.78711
336.76617
336.7154
336.6933
336.64059
336.61802
336.56375
336.54109
336.48575
336.46304
336.4073
336.38433
336.32893
336.30544
336.25105
336.22697
336.17397
336.14969
336.09803
336.07439
336.02371
336.00187
335.95168
335.93279
335.88276
335.86778
335.81776
335.80737
335.75742
335.7521
335.70234
337.12199
337.1192
337.1285
337.10964
337.12122
337.10194
337.11176
337.09053
337.09698
337.07226
337.07395
337.04517
337.0417
337.00883
337.00056
336.96389
336.9516
336.91157
336.89621
336.85324
336.83576
336.79018
336.77143
336.72354
336.70417
336.65435
336.6347
336.58346
336.56354
336.51161
336.49118
336.43934
336.41809
336.36704
336.34491
336.29499
336.2724
336.22351
336.20134
336.15307
336.1325
336.08433
336.06652
336.01813
336.004
335.95532
335.94552
335.89666
335.89164
335.84282
337.1358
337.13168
337.14043
337.123
337.13333
337.11576
337.12488
337.10618
337.11286
337.09168
337.09461
337.07019
337.0688
337.04083
337.03522
337.00371
336.99441
336.95957
336.94735
336.90944
336.89514
336.8544
336.83879
336.79545
336.77913
336.73355
336.71681
336.66954
336.65235
336.60414
336.5862
336.53789
336.51888
336.47114
336.451
336.40416
336.38333
336.33724
336.31663
336.27081
336.25162
336.20555
336.18892
336.1423
336.1291
336.0819
336.07275
336.02515
336.02047
335.97277
337.14837
337.14306
337.15116
337.13507
337.14421
337.12815
337.13644
337.11982
337.12637
337.10807
337.11173
337.09093
337.09106
337.06726
337.06377
337.03676
337.02997
336.99976
336.99028
336.95697
336.94553
336.90923
336.89652
336.85742
336.84396
336.8024
336.78842
336.74495
336.73038
336.68577
336.67026
336.62537
336.60858
336.56409
336.54595
336.50215
336.48312
336.43981
336.42082
336.37749
336.35974
336.31584
336.30045
336.25569
336.24349
336.1979
336.18945
336.14328
336.13895
336.09256
337.15973
337.15336
337.16072
337.14588
337.1539
337.13922
337.14664
337.13176
337.13795
337.122
337.12601
337.1082
337.10939
337.0891
337.08726
337.06412
337.05941
337.03327
337.02615
336.99695
336.98805
336.9558
336.94571
336.91054
336.89971
336.8619
336.85052
336.81064
336.79856
336.75739
336.74422
336.70262
336.688
336.64665
336.6305
336.58967
336.57244
336.53188
336.51455
336.47369
336.45743
336.41573
336.40163
336.35881
336.34764
336.30378
336.29605
336.25144
336.24749
336.20256
337.16988
337.16255
337.16914
337.15546
337.16245
337.14903
337.15559
337.14221
337.14792
337.13391
337.13799
337.12264
337.12452
337.10718
337.10657
337.08675
337.08371
337.06111
337.05599
337.03044
337.02375
336.99515
336.98741
336.95581
336.94739
336.91305
336.90407
336.86754
336.8578
336.81987
336.80893
336.77047
336.75793
336.71961
336.70538
336.66743
336.65199
336.61411
336.59843
336.56003
336.54527
336.50577
336.49298
336.45215
336.44205
336.39999
336.39301
336.35008
336.3465
336.30317
337.17877
337.17062
337.17643
337.16383
337.1699
337.15764
337.16341
337.15134
337.1565
337.14411
337.14809
337.13477
337.13705
337.12216
337.12246
337.10544
337.10373
337.08418
337.08072
337.05836
337.05357
337.02822
337.02255
336.99418
336.98792
336.95677
336.94998
336.91656
336.90898
336.87408
336.86523
336.82973
336.81917
336.78371
336.77136
336.73615
336.72247
336.68717
336.67312
336.63711
336.62385
336.58656
336.57507
336.53626
336.52721
336.48704
336.48079
336.43965
336.43645
336.39483
337.18632
337.17755
337.1826
337.17102
337.17629
337.16513
337.17017
337.15928
337.16387
337.15287
337.15661
337.14498
337.14745
337.1346
337.13552
337.12087
337.12018
337.10324
337.10113
337.08155
337.07837
337.05589
337.052
337.02654
337.02219
336.99392
336.9891
336.95853
336.95293
336.92084
336.91393
336.88118
336.87249
336.83973
336.82916
336.79654
336.78456
336.75173
336.73928
336.70559
336.69379
336.65867
336.64846
336.61169
336.60367
336.56542
336.5599
336.52061
336.51778
336.47796
337.1924
337.18329
337.18769
337.1771
337.18167
337.17154
337.17594
337.16611
337.17017
337.16037
337.16381
337.1536
337.1561
337.14495
337.14628
337.1336
337.13367
337.11895
337.11792
337.10074
337.09888
337.07891
337.07655
337.05366
337.05097
337.0253
337.02222
336.99425
336.99043
336.96092
336.95578
336.92559
336.91864
336.88838
336.8795
336.84932
336.83895
336.80847
336.79755
336.76609
336.7557
336.72269
336.71372
336.67897
336.67195
336.63566
336.63084
336.59344
336.59098
336.55302
337.19695
337.18786
337.19173
337.1821
337.1861
337.17694
337.18079
337.17193
337.17551
337.16675
337.16986
337.16085
337.16329
337.15355
337.15512
337.14409
337.14471
337.13187
337.13166
337.11653
337.11575
337.09797
337.09687
337.07626
337.07498
337.05163
337.05008
337.02445
337.02221
336.99505
336.99151
336.96366
336.95831
336.93036
336.92305
336.89513
336.8863
336.85801
336.84855
336.81921
336.81017
336.77922
336.77143
336.73867
336.73261
336.69826
336.69412
336.65864
336.65653
336.62046
337.19996
337.1913
337.19479
337.18612
337.18965
337.1814
337.18479
337.17683
337.17998
337.17214
337.17493
337.16694
337.16925
337.16069
337.16237
337.15272
337.15372
337.14244
337.14286
337.12947
337.12954
337.11364
337.11358
337.09495
337.09487
337.07358
337.07332
337.0498
337.04893
337.0239
337.02179
336.99606
336.99216
336.96633
336.96047
336.93464
336.92723
336.90099
336.8929
336.86557
336.8578
336.82881
336.82214
336.79132
336.78616
336.75374
336.75023
336.71668
336.71489
336.68073
337.2016
337.19371
337.19696
337.18922
337.1924
337.18501
337.18802
337.18087
337.18365
337.17664
337.17913
337.17202
337.17416
337.1666
337.16829
337.15978
337.16101
337.15105
337.15191
337.14
337.14071
337.12643
337.12719
337.11029
337.11117
337.0917
337.09253
337.07088
337.07119
337.04806
337.04721
337.0234
337.0208
336.99688
336.99236
336.96843
336.96234
336.93799
336.93118
336.90572
336.89914
336.87202
336.86639
336.83746
336.83313
336.8026
336.79968
336.76803
336.76654
336.73429
337.20213
337.19526
337.19837
337.19153
337.19443
337.18784
337.19054
337.18415
337.18662
337.18034
337.18256
337.17621
337.17817
337.17143
337.17308
337.16552
337.16687
337.158
337.15916
337.14848
337.14966
337.13676
337.13814
337.12274
337.12438
337.1065
337.10822
337.08822
337.08953
337.0681
337.06833
337.04623
337.0448
337.02259
337.01927
336.99706
336.99219
336.96956
336.96393
336.94022
336.93473
336.90939
336.9047
336.87758
336.87402
336.84533
336.84295
336.81316
336.81195
336.78157
337.20191
337.19611
337.19915
337.19315
337.19584
337.19
337.19245
337.18674
337.18895
337.18333
337.18531
337.17961
337.18138
337.17534
337.17689
337.17012
337.17149
337.16352
337.16485
337.15521
337.1567
337.14497
337.1468
337.13268
337.13491
337.11841
337.12083
337.10229
337.10442
337.08449
337.08564
337.06506
337.06464
337.04397
337.04172
337.02106
337.01729
336.99623
336.99167
336.96957
336.96507
336.94139
336.93758
336.91217
336.90931
336.8824
336.8805
336.85252
336.85156
336.82301
337.20125
337.19645
337.19943
337.19419
337.19673
337.19155
337.1938
337.18872
337.19072
337.18567
337.18744
337.18231
337.18389
337.17843
337.17985
337.17372
337.17505
337.16782
337.16922
337.16043
337.1621
337.15134
337.15347
337.14046
337.14309
337.1278
337.13075
337.11349
337.11626
337.09765
337.09957
337.08034
337.08078
337.06147
337.06017
337.04088
337.0381
337.01846
337.01487
336.99424
336.99064
336.96852
336.96548
336.9417
336.93946
336.91424
336.91278
336.88654
336.88581
336.85902
337.20039
337.19643
337.19932
337.19476
337.19717
337.19259
337.19469
337.19015
337.19198
337.18744
337.18902
337.18437
337.18576
337.18079
337.18205
337.17644
337.17767
337.17104
337.17241
337.16432
337.16606
337.15612
337.15841
337.14633
337.14923
337.13497
337.13828
337.12214
337.1254
337.10795
337.11049
337.09244
337.09362
337.0755
337.07503
337.05696
337.05505
337.03668
337.03395
337.01467
337.01188
336.99119
336.98885
336.96659
336.9649
336.94128
336.94021
336.91563
336.9151
336.89001
337.19946
337.19617
337.19895
337.19496
337.19726
337.1932
337.19517
337.19111
337.19279
337.18869
337.1901
337.18584
337.18706
337.18246
337.18355
337.17835
337.17943
337.17327
337.17454
337.16703
337.16873
337.15947
337.1618
337.15051
337.15353
337.14018
337.14371
337.12855
337.13215
337.11572
337.11873
337.10171
337.1035
337.08643
337.08667
337.06967
337.06853
337.05128
337.04933
337.03126
337.02917
337.0098
337.00808
336.98724
336.98604
336.96393
336.9632
336.94019
336.93983
336.91634
337.19852
337.19576
337.19838
337.19486
337.19706
337.19345
337.19531
337.19166
337.19321
337.18946
337.19073
337.18678
337.1878
337.1835
337.18439
337.1795
337.18039
337.17459
337.17571
337.16864
337.17023
337.16152
337.16379
337.15317
337.1562
337.14362
337.14725
337.13293
337.13675
337.12121
337.12456
337.10846
337.11073
337.09457
337.09541
337.07935
337.07888
337.06262
337.06134
337.04436
337.0429
337.02474
337.02355
337.00403
337.00325
336.98254
336.98211
336.96057
336.96037
336.93838
337.19756
337.19523
337.19767
337.19452
337.19664
337.19339
337.19516
337.19184
337.19328
337.18981
337.19091
337.1872
337.18803
337.18393
337.1846
337.17992
337.1806
337.17506
337.17596
337.16924
337.17064
337.16238
337.16449
337.15444
337.15737
337.14546
337.14907
337.1355
337.1394
337.12465
337.12823
337.11291
337.11556
337.10019
337.10154
337.08628
337.08639
337.07101
337.07031
337.05431
337.05339
337.03632
337.03559
337.01728
337.01687
336.99746
336.99728
336.97711
336.97704
336.95647
337.19659
337.19461
337.19686
337.194
337.19604
337.19308
337.19477
337.19169
337.19302
337.18974
337.19069
337.18711
337.18774
337.18375
337.18418
337.17962
337.18004
337.17467
337.17533
337.16885
337.17
337.1621
337.16399
337.15441
337.15716
337.14581
337.14932
337.13639
337.14028
337.12621
337.12992
337.1153
337.11821
337.10353
337.10528
337.09074
337.09132
337.07671
337.07652
337.06138
337.06093
337.04485
337.04452
337.02731
337.02721
337.00901
337.00904
336.99014
336.99018
336.97092
337.19557
337.19392
337.19598
337.19333
337.19529
337.19255
337.19415
337.19125
337.19245
337.18928
337.19004
337.18652
337.18691
337.18295
337.18312
337.1786
337.17873
337.17345
337.1738
337.16749
337.16835
337.16072
337.16233
337.15314
337.15563
337.14478
337.14808
337.13573
337.13952
337.12606
337.12979
337.11578
337.11888
337.1048
337.10686
337.09293
337.09392
337.07998
337.08021
337.06585
337.06579
337.0506
337.0506
337.03441
337.03456
337.01747
337.01768
336.99995
337.00008
336.98202
337.1945
337.19315
337.19502
337.19253
337.19441
337.19183
337.19333
337.19052
337.19157
337.18841
337.18896
337.1854
337.18553
337.18151
337.18137
337.17681
337.17663
337.17135
337.17138
337.16517
337.16569
337.15827
337.15954
337.15067
337.15284
337.14242
337.14546
337.13361
337.13721
337.1243
337.12798
337.11452
337.1177
337.10416
337.10645
337.09306
337.09438
337.08102
337.08161
337.06793
337.06821
337.05381
337.0541
337.03882
337.03919
337.0231
337.02345
337.0068
337.00701
336.99006
337.19337
337.1923
337.194
337.19162
337.19343
337.19092
337.19231
337.1895
337.19036
337.18711
337.18741
337.18371
337.18353
337.17937
337.17891
337.17422
337.17369
337.16836
337.16803
337.16185
337.16201
337.15472
337.15563
337.14702
337.14883
337.13878
337.14149
337.1301
337.13345
337.12104
337.12458
337.11162
337.11482
337.10176
337.1042
337.09129
337.09286
337.08002
337.08091
337.06783
337.06839
337.05471
337.05523
337.04077
337.04132
337.02615
337.02662
337.01094
337.01122
336.99528
337.19215
337.19137
337.19291
337.1906
337.19234
337.18984
337.19108
337.18816
337.18878
337.18534
337.18533
337.18139
337.18087
337.17647
337.17565
337.17077
337.16987
337.16441
337.16371
337.1575
337.15728
337.15008
337.15059
337.14219
337.14361
337.13389
337.13623
337.12525
337.1283
337.11635
337.1197
337.10719
337.11034
337.09772
337.10025
337.08776
337.08953
337.07715
337.07828
337.06573
337.06652
337.05348
337.05419
337.04048
337.04116
337.02683
337.02739
337.01261
337.01293
336.99791
337.19085
337.19036
337.19175
337.18948
337.19113
337.18855
337.18959
337.18644
337.18676
337.18301
337.18264
337.17836
337.17746
337.17274
337.17153
337.16638
337.1651
337.15946
337.15837
337.15208
337.15146
337.14431
337.14441
337.13618
337.13719
337.12776
337.1297
337.1191
337.12181
337.11028
337.11339
337.10131
337.10435
337.09214
337.0947
337.08261
337.08451
337.07254
337.07385
337.06178
337.06276
337.0503
337.05116
337.03813
337.03892
337.02533
337.02597
337.01199
337.01235
336.99817
337.18945
337.18926
337.19052
337.18824
337.18978
337.18702
337.18778
337.18429
337.18423
337.18005
337.17924
337.17453
337.17319
337.16809
337.16645
337.16099
337.1593
337.15343
337.15195
337.14554
337.14452
337.13738
337.13707
337.12898
337.12956
337.1204
337.12192
337.11168
337.11402
337.1029
337.10573
337.09406
337.09694
337.08511
337.08765
337.07593
337.07791
337.06632
337.06778
337.05614
337.05727
337.04532
337.0463
337.03388
337.03475
337.02185
337.02254
337.0093
337.00968
336.99627
337.18793
337.18808
337.18921
337.18687
337.18824
337.18519
337.18557
337.1816
337.18106
337.17633
337.17503
337.16979
337.16797
337.1624
337.16033
337.15449
337.1524
337.14627
337.14439
337.13784
337.13642
337.12926
337.12854
337.12058
337.12073
337.11181
337.11291
337.10301
337.10496
337.09423
337.09675
337.08548
337.08817
337.07672
337.07919
337.06782
337.06984
337.0586
337.06016
337.04893
337.05016
337.03869
337.03975
337.02789
337.02882
337.01655
337.01727
337.00469
337.0051
336.99237
337.18629
337.18682
337.1878
337.18534
337.18646
337.18296
337.18284
337.17823
337.17712
337.17172
337.16985
337.164
337.16168
337.15559
337.15306
337.14682
337.14432
337.13789
337.13563
337.12891
337.12712
337.11993
337.11881
337.11095
337.11069
337.102
337.10268
337.09311
337.09466
337.08432
337.0865
337.07564
337.0781
337.06703
337.06939
337.05837
337.06038
337.04949
337.05111
337.04025
337.04156
337.03053
337.03166
337.0203
337.02127
337.00956
337.01031
336.99834
336.99876
336.98666
337.18451
337.1855
337.18629
337.1836
337.18433
337.18021
337.17944
337.17404
337.17224
337.16606
337.16357
337.15704
337.15418
337.14753
337.14455
337.13787
337.13497
337.12825
337.12562
337.11873
337.11658
337.10934
337.10786
337.10009
337.09944
337.09097
337.09125
337.082
337.08316
337.0732
337.07504
337.06458
337.06678
337.0561
337.05832
337.04765
337.04963
337.03908
337.04072
337.03022
337.03158
337.02096
337.02212
337.01123
337.01223
337.00104
337.0018
336.99039
336.99081
336.97928
337.18258
337.18414
337.18464
337.18157
337.18173
337.17677
337.17519
337.16883
337.16625
337.15919
337.15603
337.14877
337.14535
337.13813
337.13469
337.12758
337.1243
337.11727
337.11431
337.10724
337.10476
337.09749
337.09567
337.088
337.08698
337.07873
337.07862
337.0697
337.07047
337.06091
337.0624
337.05235
337.05429
337.044
337.04605
337.03575
337.03765
337.02744
337.02908
337.01893
337.02031
337.01008
337.01127
337.00082
337.00182
336.99112
336.99188
336.98097
336.98139
336.9704
337.18047
337.18278
337.18278
337.17912
337.17848
337.17245
337.16987
337.16241
337.15895
337.15094
337.14707
337.13905
337.13508
337.12727
337.1234
337.11587
337.11224
337.10492
337.10166
337.09443
337.09167
337.08436
337.08224
337.07467
337.07333
337.0653
337.06483
337.05623
337.05664
337.04747
337.04863
337.039
337.04066
337.03078
337.03264
337.02272
337.02453
337.01467
337.01628
337.00647
337.00786
336.998
336.99919
336.98915
336.99015
336.9799
336.98065
336.97023
336.97064
336.96014
337.17818
337.18142
337.18062
337.17608
337.17435
337.16699
337.16324
337.15454
337.15013
337.14112
337.13654
337.12775
337.12325
337.11488
337.11062
337.10268
337.09874
337.09116
337.08764
337.08028
337.07727
337.06996
337.06758
337.06011
337.05849
337.05069
337.0499
337.04164
337.04171
337.03294
337.03377
337.02458
337.02596
337.01651
337.01817
337.00864
337.01033
337.00083
337.00238
336.99294
336.9943
336.98481
336.98598
336.97635
336.97733
336.96751
336.96824
336.95828
336.95868
336.94865
337.17567
337.18011
337.17801
337.17222
337.16907
337.16012
337.15503
337.145
337.1396
337.12958
337.12429
337.11477
337.10978
337.10089
337.09627
337.08798
337.08378
337.07599
337.07225
337.06479
337.06158
337.05429
337.0517
337.04436
337.0425
337.03493
337.03387
337.02594
337.02571
337.01735
337.01788
337.00913
337.01024
337.00124
337.00268
336.99357
336.99512
336.98601
336.98748
336.9784
336.97972
336.9706
336.97174
336.9625
336.96345
336.95405
336.95476
336.94523
336.94562
336.93604
337.17293
337.17882
337.17471
337.16723
337.16231
337.15154
337.14498
337.13356
337.12717
337.11617
337.11022
337.10002
337.09459
337.08525
337.08034
337.07175
337.06735
337.05939
337.05549
337.04798
337.04463
337.03737
337.03463
337.02744
337.02539
337.01808
337.01679
337.0092
337.00871
337.00076
337.00101
336.99272
336.99357
336.98502
336.98626
336.97758
336.97898
336.97027
336.97165
336.96294
336.9642
336.95546
336.95656
336.94771
336.94862
336.93963
336.94031
336.9312
336.93157
336.92243
337.16991
337.17747
337.17043
337.16075
337.15371
337.14092
337.13283
337.12002
337.11267
337.10076
337.09422
337.08344
337.07764
337.06793
337.0628
337.054
337.04945
337.04138
337.03739
337.02987
337.02643
337.01926
337.01641
337.0094
337.00721
337.00017
336.99869
336.99146
336.99074
336.98322
336.98323
336.9754
336.97601
336.96793
336.96896
336.96073
336.96197
336.95368
336.95495
336.94664
336.94782
336.93947
336.94051
336.93206
336.93292
336.92434
336.92498
336.9163
336.91664
336.90793
337.16659
337.1759
337.16475
337.15234
337.14288
337.12796
337.11832
337.10421
337.09598
337.08329
337.07625
337.065
337.05893
337.04895
337.04367
337.03474
337.03012
337.02202
337.01799
337.01052
337.00705
337
336.9971
336.9903
336.98801
336.98126
336.97965
336.97278
336.97188
336.9648
336.96458
336.95723
336.95762
336.95003
336.95085
336.9431
336.94417
336.93632
336.93747
336.92957
336.93067
336.92272
336.92369
336.91564
336.91645
336.90829
336.90888
336.90062
336.90094
336.89266
337.16288
337.17381
337.15719
337.14153
337.12944
337.11239
337.10127
337.08599
337.07702
337.0637
337.05628
337.04471
337.03847
337.02834
337.023
337.01403
337.00941
337.00135
336.99735
336.98998
336.98653
336.97966
336.97676
336.97019
336.96787
336.96142
336.95972
336.95324
336.95219
336.94555
336.94515
336.93829
336.93847
336.93138
336.93201
336.92474
336.92565
336.91826
336.91928
336.91182
336.91281
336.90528
336.90618
336.89854
336.89929
336.89155
336.89209
336.88426
336.88456
336.87672
337.1587
337.17069
337.14716
337.12782
337.11303
337.09395
337.08152
337.0653
337.05575
337.042
337.03435
337.02261
337.0163
337.00616
337.00084
336.99194
336.98739
336.97946
336.97553
336.96834
336.96496
336.95831
336.95545
336.94916
336.94684
336.94073
336.93898
336.93288
336.93174
336.92554
336.925
336.91862
336.91864
336.91205
336.9125
336.90573
336.90648
336.89957
336.90045
336.89344
336.89434
336.88723
336.88805
336.88084
336.88152
336.87421
336.87471
336.86732
336.86759
336.86019
337.15391
337.16586
337.13403
337.11076
337.09336
337.07251
337.05902
337.04213
337.03221
337.01825
337.01052
336.99879
336.99253
336.9825
336.97729
336.96856
336.96414
336.95642
336.95263
336.94568
336.94242
336.93604
336.93327
336.92728
336.92501
336.91925
336.91749
336.91181
336.9106
336.90486
336.90421
336.89832
336.89819
336.89211
336.8924
336.88614
336.88673
336.88031
336.88106
336.87452
336.87531
336.86865
336.86938
336.86262
336.86324
336.85637
336.85682
336.84988
336.85013
336.84319
337.14829
337.1584
337.11716
337.08995
337.07021
337.048
337.03376
337.01653
337.00647
336.99255
336.98489
336.97335
336.96724
336.95747
336.95245
336.944
336.93978
336.93235
336.92874
336.92209
336.91899
336.91293
336.91029
336.90465
336.90246
336.89707
336.89535
336.89008
336.88885
336.88356
336.88284
336.87744
336.87719
336.87162
336.87178
336.86603
336.86648
336.86056
336.86118
336.85513
336.8558
336.84962
336.85026
336.84396
336.8445
336.8381
336.8385
336.83203
336.83225
336.82578
337.14158
337.14721
337.09593
337.0651
337.0435
337.02044
337.00584
336.98864
336.97867
336.96503
336.9576
336.94643
336.94059
336.9312
336.92644
336.91838
336.9144
336.90735
336.90396
336.89768
336.89478
336.88909
336.88661
336.88134
336.87927
336.87428
336.87262
336.86777
336.86656
336.86173
336.86096
336.85605
336.85572
336.85066
336.8507
336.84547
336.84579
336.84039
336.84088
336.83532
336.83589
336.83019
336.83074
336.82493
336.8254
336.81948
336.81983
336.81384
336.81404
336.80806
337.13338
337.13104
337.06987
337.03607
337.01327
336.98997
336.97543
336.95862
336.94898
336.93588
336.92882
336.91819
336.91271
336.90383
336.89941
336.89182
336.88815
336.88154
336.87842
336.87256
336.86989
336.8646
336.86232
336.85745
336.85553
336.85095
336.8494
336.84498
336.84381
336.83944
336.83866
336.83424
336.83384
336.82929
336.82924
336.82452
336.82474
336.81985
336.82023
336.81518
336.81564
336.81045
336.81091
336.80559
336.80599
336.80058
336.80087
336.79539
336.79556
336.79009
337.12314
337.10864
337.03864
337.00291
336.97969
336.95683
336.94275
336.92673
336.91762
336.9053
336.89874
336.88882
336.88377
336.87553
336.87149
336.86447
336.86113
336.85504
336.85221
336.84683
336.84441
336.83958
336.8375
336.83307
336.83132
336.82718
336.82574
336.82177
336.82067
336.81676
336.81599
336.81205
336.81163
336.80758
336.80745
336.80325
336.80337
336.799
336.79929
336.79476
336.79512
336.79045
336.79083
336.78602
336.78636
336.78146
336.78171
336.77675
336.77689
336.77194
337.11013
337.07886
337.00216
336.96584
336.94308
336.92132
336.9081
336.89321
336.88484
336.87351
336.86755
336.85848
336.85394
336.84644
336.84282
336.83645
336.83348
336.82797
336.82546
336.8206
336.81845
336.8141
336.81226
336.80829
336.80672
336.80303
336.80173
336.79821
336.7972
336.79376
336.79303
336.78957
336.78913
336.78558
336.78541
336.78172
336.78177
336.77792
336.77812
336.77411
336.77439
336.77024
336.77055
336.76627
336.76655
336.76218
336.76239
336.75797
336.75809
336.75368
337.09332
337.04083
336.96064
336.92527
336.90383
336.88381
336.8718
336.85834
336.85087
336.84072
336.83545
336.82737
336.82338
336.81671
336.81355
336.80791
336.80531
336.80044
336.79826
336.79397
336.7921
336.78827
336.78667
336.78319
336.78182
336.77859
336.77745
336.77439
336.77348
336.7705
336.76983
336.76685
336.76642
336.76336
336.76316
336.75998
336.75997
336.75665
336.75677
336.7533
336.75351
336.74989
336.75013
336.7464
336.74662
336.7428
336.74297
336.7391
336.7392
336.73535
337.07124
336.99408
336.91454
336.88174
336.86242
336.8447
336.83419
336.82243
336.81597
336.80716
336.80264
336.79565
336.79225
336.78649
336.78381
336.77894
336.77675
336.77255
336.77071
336.76703
336.76545
336.76217
336.76081
336.75783
336.75667
336.75392
336.75294
336.75035
336.74956
336.74704
336.74645
336.74394
336.74354
336.74097
336.74076
336.73809
336.73804
336.73523
336.7353
336.73236
336.73251
336.72944
336.72962
336.72644
336.72661
336.72336
336.72349
336.72019
336.72028
336.71699
337.04176
336.93876
336.86459
336.83588
336.81936
336.80437
336.79557
336.78573
336.78038
336.77303
336.76931
336.76349
336.7607
336.75591
336.75372
336.74968
336.74789
336.74441
336.74291
336.73986
336.73858
336.73586
336.73476
336.7323
336.73135
336.72909
336.72828
336.72615
336.7255
336.72344
336.72294
336.72089
336.72055
336.71845
336.71825
336.71608
336.71601
336.71372
336.71375
336.71135
336.71144
336.70893
336.70905
336.70644
336.70657
336.70389
336.70399
336.70128
336.70134
336.69864
337.00146
336.87555
336.81171
336.78834
336.77512
336.76321
336.75627
336.74849
336.7443
336.7385
336.73561
336.73102
336.72886
336.72509
336.72339
336.72022
336.71883
336.7161
336.71494
336.71255
336.71155
336.70942
336.70857
336.70664
336.7059
336.70414
336.70351
336.70185
336.70134
336.69974
336.69934
336.69775
336.69747
336.69585
336.69568
336.69399
336.69392
336.69214
336.69215
336.69028
336.69034
336.68838
336.68846
336.68643
336.68652
336.68443
336.6845
336.68238
336.68243
336.68031
336.94467
336.80587
336.75687
336.73974
336.73014
336.72152
336.71653
336.71091
336.70792
336.70374
336.70167
336.69837
336.69683
336.69412
336.69291
336.69063
336.68965
336.68768
336.68686
336.68514
336.68443
336.6829
336.68229
336.68091
336.68039
336.67912
336.67867
336.67749
336.67712
336.67598
336.67569
336.67455
336.67434
336.67319
336.67306
336.67186
336.6718
336.67053
336.67053
336.66919
336.66923
336.66783
336.66788
336.66642
336.66648
336.66498
336.66503
336.66351
336.66354
336.66203
336.86095
336.7316
336.70095
336.69056
336.68476
336.67956
336.67656
336.67317
336.67138
336.66886
336.66762
336.66563
336.66471
336.66308
336.66236
336.66098
336.66039
336.65921
336.65872
336.65768
336.65726
336.65634
336.65597
336.65514
336.65483
336.65407
336.6538
336.65309
336.65287
336.65218
336.65201
336.65133
336.6512
336.65051
336.65043
336.64971
336.64966
336.64891
336.6489
336.6481
336.64812
336.64728
336.6473
336.64643
336.64646
336.64556
336.64559
336.64467
336.64469
336.64378
336.72944
336.655
336.64464
336.64118
336.63924
336.6375
336.6365
336.63537
336.63477
336.63393
336.63352
336.63286
336.63255
336.63201
336.63177
336.63131
336.63111
336.63072
336.63055
336.63021
336.63007
336.62976
336.62964
336.62936
336.62926
336.629
336.62891
336.62868
336.6286
336.62837
336.62831
336.62809
336.62805
336.62782
336.62779
336.62755
336.62753
336.62728
336.62728
336.62701
336.62702
336.62674
336.62675
336.62645
336.62646
336.62616
336.62617
336.62587
336.62587
336.62557
)
;

boundaryField
{
    inlet
    {
        type            fixedValue;
        value           uniform 337.2;
    }
    outlet
    {
        type            zeroGradient;
    }
    wall_membrane
    {
        type            groovyBC;
        refValue        nonuniform List<scalar> 
50
(
327.99344
327.96734
327.94125
327.91515
327.88906
327.86297
327.83687
327.81078
327.78468
327.75859
327.7325
327.7064
327.68031
327.65422
327.62812
327.60203
327.57593
327.54984
327.52375
327.49765
327.47156
327.44547
327.41937
327.39328
327.36718
327.34109
327.315
327.2889
327.26281
327.23671
327.21062
327.18453
327.15843
327.13234
327.10625
327.08015
327.05406
327.02796
327.00187
326.97578
326.94968
326.92359
326.89749
326.8714
326.84531
326.81921
326.79312
326.76703
326.74093
326.71484
)
;
        refGradient     uniform 0;
        valueFraction   uniform 1;
        source          uniform 0;
        value           nonuniform List<scalar> 
50
(
327.99344
327.96734
327.94125
327.91515
327.88906
327.86297
327.83687
327.81078
327.78468
327.75859
327.7325
327.7064
327.68031
327.65422
327.62812
327.60203
327.57593
327.54984
327.52375
327.49765
327.47156
327.44547
327.41937
327.39328
327.36718
327.34109
327.315
327.2889
327.26281
327.23671
327.21062
327.18453
327.15843
327.13234
327.10625
327.08015
327.05406
327.02796
327.00187
326.97578
326.94968
326.92359
326.89749
326.8714
326.84531
326.81921
326.79312
326.76703
326.74093
326.71484
)
;
        valueExpression "Tm";
        gradientExpression "0";
        fractionExpression "1";
        evaluateDuringConstruction 0;
        cyclicSlave     0;
        variables       
12
(
"T_a=337.2;"
"L=0.15;"
"Tp_in=302.6;"
"Tp_out=306.9;"
"T_p=Tp_out-(Tp_out-Tp_in)/L*pos().x;"
"delta_mem=0.0001;"
"lambda_mem=0.053;"
"lambda_alim=0.656;"
"delta_alim=0.001;"
"h_agua=620;"
"h_ef=(lambda_alim/delta_alim)*(1/h_agua+delta_mem/lambda_mem);"
"Tm=((Tp_out-(Tp_out-Tp_in)/L*pos().x)+h_ef*T_a)/(1+h_ef);"
)
;
        timelines       (
);
        lookuptables    (
);
        lookuptables2D  (
);
    }
    wall_up
    {
        type            groovyBC;
        refValue        uniform 336.61647;
        refGradient     uniform 0;
        valueFraction   uniform 1;
        source          uniform 0;
        value           uniform 336.61647;
        valueExpression "T_m";
        gradientExpression "0";
        fractionExpression "1";
        evaluateDuringConstruction 0;
        cyclicSlave     0;
        variables       
10
(
"T_a=337.2;"
"Text=298;"
"L=0.15;"
"delta_ext=0.0132;"
"lambda_ext=15;"
"lambda_alim=0.656;"
"delta_alim=0.001;"
"h_ext=10;"
"h_ef=lambda_alim/delta_alim*(1/h_ext+delta_ext/lambda_ext);"
"T_m=(Text+h_ef*T_a)/(1+h_ef);"
)
;
        timelines       (
);
        lookuptables    (
);
        lookuptables2D  (
);
    }
    sides
    {
        type            empty;
    }
}


// ************************************************************************* //
