/*--------------------------------*- C++ -*----------------------------------*\
| =========                 |                                                 |
| \\      /  F ield         | OpenFOAM: The Open Source CFD Toolbox           |
|  \\    /   O peration     | Version:  2312                                  |
|   \\  /    A nd           | Website:  www.openfoam.com                      |
|    \\/     M anipulation  |                                                 |
\*---------------------------------------------------------------------------*/
FoamFile
{
    version     2.0;
    format      ascii;
    arch        "LSB;label=32;scalar=64";
    class       volScalarField;
    location    "4";
    object      T;
}
// * * * * * * * * * * * * * * * * * * * * * * * * * * * * * * * * * * * * * //

dimensions      [0 0 0 1 0 0 0];

internalField   nonuniform List<scalar> 
4000
(
310.87575
312.1896
312.4447
312.51276
312.59169
312.64371
312.69356
312.737
312.77872
312.81695
312.85502
312.89057
312.92638
312.96038
312.9946
313.0276
313.06065
313.09296
313.12512
313.15693
313.18838
313.21982
313.25069
313.28186
313.31226
313.34321
313.3732
313.40399
313.43364
313.46431
313.49365
313.52422
313.5533
313.5838
313.61263
313.64309
313.67168
313.70213
313.7305
313.76096
313.7891
313.81959
313.8475
313.87807
313.90573
313.93642
313.96375
313.99471
314.02149
314.05348
308.63756
310.7615
311.4595
311.60799
311.7877
311.88728
311.98022
312.05404
312.12266
312.18084
312.23851
312.28868
312.33956
312.38509
312.43123
312.47374
312.51637
312.55681
312.59676
312.6357
312.67352
312.71136
312.74747
312.78446
312.81915
312.85551
312.88898
312.92485
312.95729
312.99279
313.02431
313.05953
313.09024
313.12527
313.15523
313.19013
313.21939
313.25424
313.28284
313.31771
313.34563
313.38061
313.40784
313.44304
313.4695
313.50509
313.53058
313.56696
313.59079
313.63013
307.25587
309.38848
310.48247
310.70943
310.98726
311.13384
311.26923
311.37326
311.46843
311.54653
311.62358
311.68837
311.75417
311.81122
311.86915
311.9212
311.97331
312.0219
312.06956
312.11565
312.15979
312.20403
312.24532
312.28817
312.32709
312.36887
312.40579
312.44676
312.48195
312.52229
312.55597
312.59585
312.62817
312.66772
312.6988
312.73814
312.76806
312.80732
312.83612
312.87541
312.90311
312.94257
312.96912
313.00894
313.0342
313.07469
313.09833
313.14011
313.16104
313.20738
306.341
308.11724
309.52781
309.82572
310.19578
310.38751
310.56377
310.69739
310.81834
310.91613
311.01206
311.09136
311.17172
311.24027
311.30973
311.3713
311.43268
311.48943
311.54463
311.59788
311.6482
311.69887
311.74522
311.79393
311.837
311.88422
311.9245
311.97057
312.00845
312.05365
312.08942
312.13397
312.16785
312.21193
312.24409
312.28788
312.31842
312.36209
312.39107
312.43478
312.46222
312.50618
312.53201
312.57647
312.60051
312.64588
312.66769
312.71483
312.73293
312.78579
305.70773
306.98962
308.61402
308.96848
309.42075
309.65391
309.86823
310.03013
310.1755
310.29242
310.40637
310.49991
310.59424
310.67413
310.75467
310.82568
310.896
310.96085
311.02332
311.08371
311.13999
311.19706
311.2483
311.30287
311.34993
311.40258
311.44611
311.49728
311.53775
311.5878
311.62558
311.67479
311.71016
311.75877
311.79194
311.84017
311.87128
311.91935
311.94848
311.9966
312.02375
312.07218
312.09728
312.14634
312.16917
312.21938
312.23937
312.29179
312.30721
312.36603
305.25491
306.03061
307.76024
308.15133
308.67111
308.93989
309.18803
309.37598
309.54371
309.67876
309.80949
309.91672
310.02415
310.11506
310.20604
310.28629
310.36506
310.43787
310.50724
310.57466
310.6366
310.70001
310.75589
310.81627
310.86712
310.92516
310.97176
311.028
311.07091
311.12578
311.16545
311.2193
311.25606
311.30917
311.34327
311.39592
311.42754
311.47998
311.50919
311.56169
311.58852
311.64138
311.66573
311.71934
311.74096
311.79593
311.81415
311.8717
311.88467
311.94883
304.92432
305.25279
306.98387
307.38839
307.95661
308.2531
308.5293
308.74006
308.92735
309.07902
309.22481
309.34487
309.46423
309.56561
309.66619
309.75531
309.84188
309.92241
309.99817
310.07246
310.13964
310.20926
310.26946
310.33553
310.38991
310.45325
310.5027
310.56394
310.60911
310.66874
310.71015
310.76857
310.8066
310.86415
310.89909
310.95609
310.98813
311.04488
311.07412
311.13094
311.1574
311.21462
311.23821
311.29629
311.3167
311.37631
311.39285
311.45531
311.46611
311.535
304.67841
304.65232
306.29738
306.69269
307.28683
307.60145
307.89856
308.12789
308.33119
308.49739
308.65606
308.78771
308.91751
309.02859
309.13768
309.23515
309.3287
309.41658
309.49809
309.57895
309.65089
309.72648
309.7906
309.86218
309.91977
309.98826
310.04029
310.10639
310.15361
310.21788
310.26085
310.32374
310.36289
310.42479
310.46044
310.52171
310.55407
310.61504
310.64424
310.70527
310.73132
310.7928
310.8156
310.87802
310.89726
310.96135
310.9763
311.04339
311.05234
311.12537
304.49196
304.21443
305.70788
306.07438
306.67026
306.99253
307.3023
307.54503
307.76013
307.93821
308.10713
308.2488
308.38723
308.50696
308.62326
308.72834
308.8279
308.92258
309.00909
309.09612
309.1722
309.25346
309.321
309.39785
309.45824
309.53167
309.58596
309.65675
309.70574
309.77449
309.8188
309.88601
309.9261
309.99221
310.02842
310.09382
310.1264
310.19146
310.22054
310.28565
310.31125
310.37683
310.39884
310.46542
310.48353
310.55187
310.56538
310.63675
310.64418
310.72083
304.34734
303.9156
305.21614
305.5394
306.1136
306.433
306.74653
306.99685
307.21898
307.40579
307.58193
307.73168
307.87666
308.00374
308.12573
308.23751
308.34192
308.44272
308.53334
308.62601
308.70554
308.79204
308.86244
308.94421
309.00694
309.08502
309.1412
309.21642
309.26688
309.33989
309.38528
309.45662
309.49744
309.56758
309.6042
309.67355
309.70622
309.77519
309.80406
309.87306
309.89816
309.96765
309.98886
310.05939
310.07642
310.14875
310.16096
310.23622
310.24245
310.32223
304.23207
303.72812
304.81777
305.08891
305.62132
305.92806
306.23633
306.48808
306.71217
306.90416
307.08422
307.23981
307.389
307.5219
307.64787
307.76523
307.8732
307.9793
308.07302
308.17068
308.25286
308.34408
308.41671
308.50295
308.56752
308.64988
308.70752
308.78685
308.83844
308.91542
308.96162
309.03682
309.07816
309.15207
309.18892
309.26199
309.29462
309.36728
309.39584
309.46852
309.49306
309.56622
309.58664
309.66084
309.67687
309.75284
309.76392
309.84266
309.84798
309.93045
304.13738
303.62318
304.5037
304.71972
305.19528
305.481
305.77551
306.02258
306.24349
306.4369
306.61738
306.77634
306.92725
307.06424
307.19233
307.31401
307.42413
307.53455
307.63026
307.73215
307.8161
307.91142
307.98557
308.07578
308.1416
308.2278
308.28644
308.36949
308.42182
308.50243
308.54913
308.62788
308.66948
308.74688
308.78376
308.86028
308.89272
308.96879
308.99695
309.07302
309.09695
309.17349
309.19313
309.27069
309.28578
309.36503
309.37515
309.45691
309.46157
309.54634
304.05711
303.57414
304.26226
304.42515
304.8347
305.09296
305.36632
305.60303
305.81583
306.00689
306.18427
306.34401
306.49407
306.63328
306.76157
306.88615
306.99693
307.11056
307.2071
307.31234
307.39713
307.49583
307.57073
307.66431
307.73077
307.82029
307.87942
307.96575
308.01841
308.10224
308.14911
308.23104
308.27263
308.35317
308.38988
308.4695
308.5016
308.58076
308.60842
308.68755
308.71084
308.79042
308.80927
308.88983
308.90407
308.9862
308.99551
309.07985
309.08404
309.17073
303.98725
303.55876
304.08043
304.19608
304.53628
304.76291
305.00932
305.2308
305.43106
305.61616
305.78707
305.94501
306.09166
306.23115
306.35767
306.48366
306.59356
306.70924
306.80539
306.91302
306.99766
307.09895
307.17382
307.27008
307.33653
307.42879
307.48788
307.57697
307.62952
307.71612
307.76279
307.84748
307.88878
307.97207
308.00838
308.09074
308.12233
308.20421
308.23126
308.3131
308.33568
308.41792
308.43601
308.51916
308.53262
308.61719
308.62584
308.71229
308.71617
308.80445
303.92496
303.56007
303.94552
304.02208
304.2946
304.48778
304.70339
304.90586
305.08987
305.26578
305.42717
305.58083
305.72166
305.85951
305.98233
306.10821
306.21571
306.3322
306.42672
306.53573
306.61923
306.72225
306.79627
306.89449
306.96026
307.05462
307.11312
307.2044
307.2564
307.34525
307.39136
307.47834
307.51905
307.60465
307.64033
307.72501
307.75593
307.84012
307.86644
307.95058
307.97239
308.0569
308.07421
308.15953
308.17227
308.25883
308.26694
308.35506
308.35873
308.44825
303.86863
303.56675
303.84592
303.89244
304.10279
304.2629
304.44587
304.6268
304.79178
304.95585
305.1051
305.25226
305.38507
305.51944
305.63678
305.76105
305.86467
305.98072
306.07243
306.18177
306.26315
306.36701
306.43937
306.53877
306.60318
306.69897
306.75631
306.84918
306.90016
306.99071
307.03589
307.12465
307.16447
307.2519
307.28672
307.37326
307.40333
307.48939
307.51488
307.60086
307.62186
307.70817
307.72472
307.81175
307.82384
307.91192
307.91958
308.00892
308.01245
308.10287
303.81712
303.57204
303.77183
303.79702
303.95319
304.08242
304.23283
304.39102
304.53518
304.68545
304.82052
304.95929
305.0822
305.21145
305.3217
305.44293
305.54133
305.65573
305.74349
305.85212
305.93043
306.03422
306.10413
306.20392
306.26632
306.36281
306.41846
306.51228
306.56179
306.65346
306.69733
306.78732
306.82596
306.91471
306.94843
307.03635
307.06539
307.15285
307.17738
307.26476
307.28488
307.37254
307.38831
307.47657
307.48805
307.57719
307.58446
307.6746
307.67801
307.76898
303.7698
303.57281
303.71538
303.72687
303.83804
303.93991
304.05941
304.19491
304.31752
304.45277
304.57225
304.70118
304.81272
304.93543
305.03722
305.15414
305.24612
305.35774
305.44052
305.54743
305.62178
305.72462
305.79133
305.89071
305.95047
306.04697
306.10039
306.1945
306.2421
306.33428
306.37648
306.46715
306.50431
306.59385
306.62625
306.71503
306.74288
306.83124
306.8547
306.94298
306.96217
307.05068
307.06567
307.15469
307.16557
307.25531
307.26223
307.35274
307.35604
307.44722
303.72623
303.56833
303.67072
303.67459
303.75001
303.8288
303.92026
304.0342
304.13548
304.25522
304.35839
304.47649
304.57562
304.69069
304.78294
304.89446
304.97901
305.08682
305.16372
305.26798
305.33761
305.43864
305.50148
305.59968
305.65622
305.75199
305.8027
305.89645
305.94172
306.03381
306.074
306.16477
306.20017
306.28996
306.32081
306.40994
306.43643
306.52519
306.54747
306.63616
306.65434
306.74322
306.7574
306.8467
306.85699
306.94687
306.95346
307.04392
307.04711
307.13814
303.68604
303.55913
303.63367
303.63444
303.68262
303.74284
303.80986
303.90419
303.98518
304.08966
304.17643
304.28319
304.36933
304.47597
304.55795
304.66318
304.73954
304.84266
304.91295
305.01372
305.07795
305.17639
305.23476
305.33105
305.38385
305.47823
305.52577
305.61852
305.66109
305.75248
305.79034
305.88065
305.91403
306.00353
306.03262
306.12157
306.14655
306.2352
306.25619
306.34478
306.3619
306.45066
306.464
306.55312
306.56282
306.65238
306.65863
306.74864
306.75171
306.84221
303.649
303.54645
303.60152
303.60217
303.63039
303.67639
303.72292
303.80014
303.86252
303.95255
304.0234
304.11879
304.19181
304.28956
304.36086
304.45917
304.52681
304.62454
304.68767
304.78423
304.84254
304.93768
304.9911
305.0848
305.13342
305.22577
305.26976
305.3609
305.40043
305.49054
305.52579
305.61508
305.64622
305.73488
305.76204
305.85029
305.87361
305.96165
305.98125
306.06927
306.08524
306.17342
306.18588
306.27434
306.28343
306.37225
306.37815
306.46732
306.47024
306.55985
303.61482
303.53146
303.57257
303.57488
303.58899
303.62463
303.65459
303.71745
303.76334
303.84018
303.89609
303.98045
304.04065
304.12938
304.18991
304.28091
304.33956
304.43137
304.487
304.57877
304.63077
304.72202
304.77011
304.86063
304.90473
304.99445
305.03457
305.12354
305.15976
305.24805
305.28045
305.36819
305.39687
305.48419
305.50926
305.59631
305.61785
305.70479
305.7229
305.80987
305.82465
305.91177
305.92332
306.01069
306.01914
306.1068
306.11232
306.20028
306.20302
306.29138
303.58329
303.5153
303.54587
303.55069
303.55513
303.58366
303.60065
303.65192
303.68365
303.74886
303.79115
303.86519
303.91319
303.99308
304.04305
304.12658
304.17622
304.26179
304.30975
304.3963
304.44176
304.52864
304.57116
304.65799
304.69731
304.7839
304.81992
304.9062
304.93888
305.02485
305.05421
305.1399
305.16598
305.25146
305.2743
305.35968
305.37934
305.46471
305.48127
305.56673
305.58026
305.66589
305.67649
305.76234
305.77013
305.85624
305.86135
305.94772
305.95027
306.03701
303.55414
303.49871
303.52094
303.52849
303.52645
303.55041
303.55758
303.59986
303.61978
303.67507
303.7053
303.76996
303.80668
303.87813
303.91803
303.99417
304.035
304.11417
304.15449
304.23554
304.2744
304.35654
304.39336
304.47609
304.51049
304.59351
304.62527
304.70842
304.73742
304.82061
304.84679
304.92999
304.95333
305.03654
305.05705
305.14032
305.15802
305.24139
305.25633
305.33985
305.35209
305.43581
305.44543
305.52938
305.53647
305.62066
305.62533
305.70976
305.71211
305.79689
303.52717
303.48223
303.49755
303.50766
303.50135
303.52262
303.52257
303.55812
303.5685
303.6156
303.63543
303.69179
303.71835
303.78197
303.8125
303.8815
303.91392
303.98672
304.0196
304.09501
304.12735
304.20451
304.23563
304.31396
304.34338
304.42249
304.44991
304.52956
304.55479
304.63481
304.65774
304.73804
304.75858
304.83912
304.85723
304.93799
304.95367
305.03465
305.04792
305.12913
305.14003
305.22148
305.23008
305.31177
305.31813
305.40006
305.40427
305.48644
305.48855
305.57105
303.50215
303.46614
303.47562
303.48793
303.47881
303.49867
303.49347
303.52419
303.52707
303.56759
303.57871
303.62792
303.64556
303.70207
303.72409
303.78636
303.81094
303.87753
303.90333
303.97309
303.99912
304.07118
304.09671
304.17043
304.19493
304.26987
304.29297
304.36881
304.39026
304.4668
304.48643
304.56351
304.5812
304.65872
304.67441
304.75231
304.76594
304.84418
304.85576
304.93431
304.94386
305.02269
305.03025
305.10936
305.11497
305.19433
305.19806
305.27766
305.27953
305.35945
303.4789
303.4506
303.45509
303.46919
303.45818
303.47748
303.46869
303.49607
303.49323
303.52862
303.53262
303.57582
303.58582
303.63604
303.6505
303.70656
303.72398
303.78465
303.80385
303.86808
303.88813
303.95508
303.97523
304.04425
304.06396
304.13455
304.15341
304.22524
304.24296
304.31575
304.33213
304.4057
304.42057
304.49478
304.50804
304.58278
304.59436
304.66956
304.67944
304.75503
304.76322
304.83915
304.84565
304.92189
304.92674
305.00325
305.00648
305.08325
305.08487
305.16195
303.45723
303.43566
303.43591
303.45141
303.43911
303.45832
303.44709
303.47227
303.46517
303.49668
303.49503
303.53329
303.5369
303.58166
303.58955
303.63999
303.65102
303.70615
303.71933
303.77824
303.79273
303.85465
303.86974
303.93403
303.94918
304.01534
304.03012
304.09778
304.11189
304.18076
304.19395
304.26381
304.27591
304.34657
304.35745
304.42878
304.43835
304.51025
304.51846
304.59083
304.59766
304.67044
304.67589
304.74901
304.7531
304.82652
304.82925
304.90294
304.90431
304.9783
303.43702
303.42135
303.41806
303.43461
303.4214
303.44076
303.42792
303.45168
303.44154
303.47015
303.46414
303.49842
303.49684
303.53692
303.53926
303.58469
303.59015
303.64018
303.64798
303.70186
303.71128
303.76833
303.77875
303.83837
303.84925
303.91096
303.92189
303.98531
303.99597
304.0608
304.07094
304.13693
304.14636
304.21331
304.22187
304.28962
304.29721
304.36562
304.37219
304.44115
304.44664
304.51606
304.52048
304.59028
304.5936
304.66373
304.66596
304.73638
304.7375
304.8082
303.41813
303.40766
303.40146
303.4188
303.40495
303.42455
303.41067
303.43354
303.42128
303.44779
303.43851
303.46963
303.46393
303.50009
303.49785
303.53888
303.53959
303.58499
303.58808
303.63728
303.64217
303.69458
303.70075
303.75584
303.76279
303.82012
303.82746
303.88665
303.89407
303.95481
303.96207
304.02411
304.03099
304.09411
304.10046
304.16448
304.17019
304.23496
304.23994
304.30533
304.30954
304.37544
304.37884
304.44517
304.44774
304.51442
304.51615
304.58313
304.58401
304.65126
303.40047
303.39459
303.38607
303.40399
303.3897
303.40954
303.39501
303.41734
303.40366
303.42865
303.41701
303.44565
303.43678
303.46968
303.46374
303.50097
303.49772
303.53898
303.53804
303.58292
303.58386
303.6319
303.63429
303.68504
303.68845
303.7415
303.74557
303.80057
303.80502
303.86167
303.86625
303.9243
303.92881
303.98804
303.99232
304.05253
304.05645
304.11748
304.12096
304.18267
304.18564
304.24791
304.25034
304.31307
304.31493
304.37804
304.37929
304.44271
304.44334
304.50703
303.38394
303.38213
303.37185
303.39019
303.37563
303.39565
303.38076
303.40271
303.38816
303.41203
303.39875
303.42544
303.41423
303.44444
303.43562
303.46957
303.46311
303.50069
303.49639
303.53734
303.5349
303.57888
303.57797
303.62461
303.62488
303.67382
303.67496
303.72589
303.72763
303.78027
303.78239
303.83648
303.8388
303.89413
303.89648
303.95285
303.95511
304.01235
304.01443
304.07239
304.07421
304.13278
304.13429
304.19335
304.19452
304.25397
304.25477
304.31454
304.31495
304.37498
303.3685
303.37031
303.35875
303.37742
303.36273
303.38286
303.36781
303.38946
303.37441
303.39743
303.38309
303.40824
303.39536
303.42334
303.41235
303.4435
303.43452
303.46886
303.46183
303.49923
303.49397
303.5342
303.53049
303.57327
303.57082
303.61585
303.61442
303.66141
303.66076
303.70947
303.7094
303.75959
303.75993
303.8114
303.812
303.86454
303.86528
303.91873
303.9195
303.97371
303.97445
304.02928
304.02994
304.08529
304.08582
304.14158
304.14195
304.19803
304.19823
304.25455
303.35409
303.35918
303.34678
303.36568
303.351
303.37115
303.35608
303.37743
303.36218
303.3845
303.36954
303.39343
303.37944
303.40557
303.39302
303.42178
303.41088
303.44238
303.43319
303.46741
303.45987
303.49667
303.49063
303.52982
303.52508
303.56641
303.56276
303.606
303.60327
303.64819
303.64619
303.6926
303.69118
303.73886
303.73789
303.78666
303.78602
303.83571
303.83531
303.88578
303.88555
303.93665
303.93653
303.98817
303.98812
304.04017
304.04015
304.09254
304.09253
304.14515
303.34074
303.34879
303.33595
303.35499
303.34045
303.36051
303.34554
303.36656
303.35129
303.37299
303.35775
303.38058
303.36592
303.39049
303.37688
303.40358
303.39131
303.42032
303.40949
303.44087
303.43153
303.46522
303.45729
303.49317
303.48653
303.52441
303.51891
303.5586
303.55408
303.5954
303.59173
303.63448
303.63153
303.67554
303.67319
303.71828
303.71642
303.76244
303.76099
303.80778
303.80666
303.8541
303.85327
303.90124
303.90065
303.94904
303.94867
303.99738
303.99719
304.04612
303.3285
303.33927
303.32629
303.34539
303.33107
303.35095
303.33617
303.35679
303.34165
303.36275
303.34746
303.36936
303.35437
303.37759
303.36335
303.38826
303.37505
303.40188
303.38987
303.41872
303.40802
303.4389
303.4295
303.46234
303.45419
303.48886
303.48184
303.5182
303.51221
303.5501
303.54503
303.58429
303.58004
303.62051
303.61698
303.65851
303.6556
303.69803
303.69566
303.73886
303.73698
303.78082
303.77937
303.82374
303.82268
303.86746
303.86678
303.91187
303.91153
303.95683
303.31756
303.33073
303.31786
303.33691
303.32287
303.34246
303.32792
303.34807
303.33316
303.35364
303.33849
303.35953
303.34447
303.3665
303.35194
303.37529
303.36151
303.38641
303.37362
303.4002
303.38854
303.41687
303.40639
303.43645
303.42713
303.45884
303.45063
303.48387
303.4767
303.51136
303.50515
303.54111
303.53578
303.57288
303.56835
303.60646
303.60266
303.64164
303.6385
303.67822
303.67568
303.71603
303.71405
303.75491
303.75345
303.79471
303.79375
303.83532
303.83484
303.8766
303.30821
303.32335
303.31071
303.32956
303.31584
303.33503
303.32077
303.34037
303.32576
303.34559
303.33069
303.3509
303.33597
303.35691
303.34229
303.36424
303.35021
303.37338
303.36014
303.3847
303.37241
303.39844
303.38721
303.41473
303.40457
303.43355
303.42444
303.4548
303.44671
303.47836
303.47125
303.50408
303.49789
303.5318
303.52647
303.56132
303.55679
303.59247
303.58868
303.62507
303.62198
303.65896
303.65653
303.694
303.6922
303.73007
303.72888
303.76703
303.76643
303.80476
303.30079
303.31726
303.30485
303.32336
303.30994
303.32862
303.31468
303.33365
303.31939
303.33852
303.32396
303.34335
303.32869
303.3486
303.33412
303.35479
303.34074
303.36236
303.34894
303.37167
303.35905
303.383
303.3713
303.39651
303.38579
303.41227
303.40253
303.43022
303.42146
303.45031
303.44252
303.47244
303.46558
303.49649
303.49053
303.5223
303.51719
303.54974
303.54543
303.57864
303.5751
303.60887
303.60607
303.64031
303.63822
303.67283
303.67145
303.70632
303.70563
303.74066
303.29553
303.31254
303.30028
303.31826
303.30513
303.3232
303.30959
303.32785
303.31397
303.33235
303.31819
303.33675
303.32246
303.34139
303.3272
303.34668
303.3328
303.35301
303.33962
303.36069
303.34797
303.37004
303.35811
303.38123
303.37018
303.39437
303.38424
303.40947
303.40027
303.42652
303.41826
303.44546
303.43813
303.46622
303.45979
303.48868
303.48313
303.51272
303.50802
303.53822
303.53433
303.56505
303.56197
303.59312
303.59082
303.62231
303.62078
303.65252
303.65176
303.68365
303.2924
303.30913
303.29692
303.3142
303.30133
303.31869
303.30542
303.32292
303.30944
303.32703
303.31331
303.33102
303.31717
303.33514
303.32134
303.33971
303.32613
303.34503
303.33185
303.35141
303.33878
303.35913
303.34718
303.36839
303.35723
303.37932
303.36899
303.39197
303.38253
303.40638
303.39783
303.42251
303.41487
303.44034
303.4336
303.45978
303.45393
303.48074
303.47576
303.50313
303.49899
303.52684
303.52354
303.55178
303.54931
303.57786
303.57622
303.605
303.60418
303.63309
303.29103
303.30687
303.29462
303.31107
303.29845
303.31502
303.3021
303.31879
303.30572
303.32248
303.30923
303.32608
303.31272
303.32974
303.31641
303.33371
303.32054
303.33822
303.32537
303.34354
303.33115
303.34992
303.33812
303.35758
303.34647
303.36665
303.3563
303.37722
303.36769
303.38933
303.38065
303.40302
303.39521
303.41825
303.41133
303.435
303.42896
303.45319
303.44802
303.47275
303.46845
303.49359
303.49016
303.51566
303.51308
303.53887
303.53715
303.56314
303.56228
303.58839
303.29087
303.30553
303.29322
303.30875
303.29637
303.3121
303.29953
303.31537
303.30273
303.31864
303.30588
303.32185
303.309
303.32509
303.31227
303.32854
303.31586
303.33239
303.31996
303.33684
303.3248
303.34213
303.3306
303.34846
303.33754
303.35597
303.34574
303.36476
303.35529
303.37491
303.36624
303.38646
303.37862
303.39943
303.39244
303.41378
303.40766
303.42949
303.42424
303.4465
303.44211
303.46474
303.46123
303.48418
303.48154
303.50474
303.50297
303.52635
303.52547
303.54896
303.29134
303.30481
303.2925
303.30709
303.29496
303.30981
303.29761
303.31259
303.30038
303.31543
303.30316
303.31825
303.30594
303.3211
303.30882
303.3241
303.31194
303.32739
303.31545
303.33112
303.31951
303.33551
303.32435
303.34073
303.33012
303.34694
303.33694
303.35423
303.34493
303.3627
303.35414
303.37241
303.36464
303.38338
303.37643
303.39563
303.38952
303.40913
303.40387
303.42385
303.41945
303.43975
303.43622
303.45679
303.45413
303.47493
303.47315
303.49411
303.49321
303.51426
303.29203
303.30449
303.29227
303.30595
303.29409
303.30806
303.29625
303.31035
303.29859
303.31277
303.301
303.31521
303.30344
303.31769
303.30597
303.32028
303.30869
303.32309
303.31168
303.32622
303.31511
303.32986
303.31914
303.33416
303.32393
303.33928
303.3296
303.3453
303.33626
303.35234
303.34399
303.36046
303.35285
303.36971
303.36288
303.38011
303.37408
303.39166
303.38646
303.40434
303.39998
303.41813
303.41462
303.43301
303.43036
303.44894
303.44717
303.46589
303.465
303.4838
303.29271
303.30436
303.29238
303.30517
303.29364
303.30674
303.29534
303.30858
303.29728
303.31059
303.29933
303.31267
303.30144
303.31479
303.30364
303.31701
303.30598
303.31939
303.30854
303.32201
303.31142
303.32502
303.31478
303.32855
303.31875
303.33275
303.32346
303.33771
303.32899
303.34352
303.33545
303.35028
303.3429
303.35804
303.35139
303.36682
303.36094
303.37666
303.37157
303.38753
303.38325
303.39944
303.396
303.41238
303.40978
303.42632
303.42457
303.44123
303.44035
303.45708
303.2933
303.30432
303.29268
303.30466
303.2935
303.30576
303.29478
303.30719
303.29635
303.30882
303.29806
303.31054
303.29986
303.31233
303.30174
303.3142
303.30375
303.3162
303.30591
303.31837
303.30833
303.32084
303.31112
303.32373
303.3144
303.32715
303.31829
303.33121
303.32287
303.33599
303.32824
303.34158
303.33448
303.34805
303.34164
303.35543
303.34975
303.36376
303.35883
303.37305
303.36889
303.38329
303.37993
303.39448
303.39195
303.40663
303.40493
303.4197
303.41885
303.43368
303.29378
303.30429
303.29309
303.30432
303.29357
303.30504
303.29451
303.3061
303.29573
303.30738
303.29713
303.30878
303.29863
303.31025
303.30021
303.31179
303.3019
303.31343
303.30371
303.31521
303.30572
303.31722
303.30802
303.31955
303.31072
303.32232
303.31391
303.32561
303.31768
303.32951
303.32213
303.33411
303.32733
303.33947
303.33333
303.34564
303.34019
303.35266
303.34792
303.36054
303.35655
303.3693
303.36608
303.37895
303.37651
303.38949
303.38785
303.40091
303.40009
303.41319
303.29419
303.30425
303.29354
303.30408
303.29378
303.3045
303.29443
303.30525
303.29536
303.30622
303.29647
303.30731
303.29768
303.30847
303.29898
303.30971
303.30036
303.31102
303.30185
303.31244
303.30349
303.31404
303.30537
303.3159
303.30757
303.31811
303.31017
303.32075
303.31325
303.3239
303.31691
303.32765
303.32121
303.33206
303.32623
303.33718
303.33199
303.34306
303.33855
303.34972
303.34591
303.35718
303.3541
303.36546
303.36313
303.37457
303.373
303.38451
303.38372
303.39526
303.29453
303.30417
303.29399
303.30389
303.29407
303.30408
303.2945
303.30457
303.29517
303.30527
303.29601
303.30607
303.29695
303.30695
303.29798
303.3079
303.29908
303.3089
303.30027
303.31
303.30158
303.31123
303.30307
303.31267
303.30483
303.3144
303.30693
303.31648
303.30942
303.319
303.31241
303.32202
303.31595
303.32561
303.3201
303.32984
303.32493
303.33473
303.33045
303.34032
303.33671
303.34664
303.34371
303.35372
303.3515
303.36156
303.36007
303.37017
303.36942
303.37955
303.29482
303.30406
303.29441
303.30372
303.2944
303.30375
303.29465
303.30403
303.29511
303.30448
303.29571
303.30502
303.29639
303.30563
303.29715
303.30629
303.29798
303.30701
303.29889
303.3078
303.29989
303.3087
303.30105
303.30978
303.30243
303.31109
303.30408
303.31269
303.30607
303.31466
303.30848
303.31706
303.31136
303.31996
303.31478
303.32341
303.31879
303.32745
303.32342
303.33212
303.32871
303.33744
303.33468
303.34346
303.34136
303.35018
303.34877
303.35762
303.35691
303.36577
303.29505
303.30392
303.2948
303.30355
303.29473
303.30346
303.29485
303.30357
303.29513
303.3038
303.2955
303.3041
303.29595
303.30445
303.29645
303.30485
303.29702
303.30529
303.29765
303.30579
303.29837
303.3064
303.29923
303.30714
303.30026
303.30809
303.30153
303.30928
303.30308
303.31078
303.30499
303.31265
303.30731
303.31495
303.3101
303.31774
303.3134
303.32104
303.31726
303.32491
303.32171
303.32937
303.32677
303.33446
303.33249
303.34019
303.33887
303.34659
303.34593
303.35366
303.29524
303.30375
303.29515
303.30337
303.29505
303.3032
303.29507
303.30316
303.29518
303.3032
303.29535
303.30327
303.29556
303.30337
303.29582
303.3035
303.29613
303.30369
303.29651
303.30392
303.29696
303.30425
303.29753
303.3047
303.29826
303.30532
303.29919
303.30615
303.30037
303.30725
303.30185
303.30867
303.30369
303.31046
303.30593
303.31267
303.30863
303.31535
303.31182
303.31853
303.31553
303.32224
303.31981
303.32651
303.32467
303.33139
303.33015
303.33687
303.33625
303.34298
303.29538
303.30355
303.29545
303.30317
303.29534
303.30294
303.29528
303.30277
303.29524
303.30262
303.29521
303.30247
303.29519
303.30233
303.29521
303.30222
303.29528
303.30215
303.29541
303.30214
303.29561
303.30221
303.29592
303.30239
303.29638
303.30272
303.29701
303.30324
303.29785
303.30399
303.29896
303.30502
303.30038
303.30638
303.30216
303.3081
303.30434
303.31024
303.30695
303.31282
303.31004
303.31588
303.31362
303.31946
303.31775
303.32358
303.32243
303.32826
303.32768
303.33352
303.29548
303.30332
303.2957
303.30295
303.29559
303.30266
303.29545
303.30238
303.29526
303.30205
303.29503
303.30168
303.29479
303.3013
303.29458
303.30095
303.29441
303.30064
303.2943
303.30039
303.29427
303.30022
303.29434
303.30016
303.29455
303.30024
303.29491
303.30048
303.29547
303.30093
303.29626
303.30163
303.29732
303.30261
303.2987
303.30392
303.30043
303.3056
303.30255
303.30767
303.30508
303.31017
303.30808
303.31314
303.31155
303.31661
303.31554
303.32059
303.32005
303.32509
303.29554
303.30307
303.29591
303.3027
303.29579
303.30237
303.29558
303.30195
303.29523
303.30143
303.29479
303.30085
303.29433
303.30024
303.29388
303.29965
303.29348
303.29911
303.29315
303.29864
303.29289
303.29825
303.29275
303.29797
303.29273
303.29782
303.29286
303.29783
303.29316
303.29802
303.29367
303.29843
303.29443
303.29909
303.29546
303.30005
303.29681
303.30133
303.2985
303.30296
303.30057
303.30499
303.30305
303.30744
303.30597
303.31033
303.30934
303.3137
303.3132
303.31756
303.29556
303.30281
303.29607
303.30243
303.29594
303.30203
303.29563
303.30147
303.2951
303.30075
303.29445
303.29993
303.29376
303.2991
303.29308
303.29828
303.29246
303.29753
303.29191
303.29684
303.29145
303.29625
303.2911
303.29578
303.29088
303.29542
303.2908
303.29522
303.29088
303.29519
303.29116
303.29535
303.29165
303.29575
303.29239
303.2964
303.29341
303.29735
303.29474
303.29862
303.29641
303.30023
303.29844
303.30223
303.30087
303.30464
303.30373
303.30748
303.30702
303.31076
303.29554
303.30253
303.29618
303.30213
303.29602
303.30163
303.29558
303.3009
303.29485
303.29995
303.29397
303.29891
303.29304
303.29784
303.29214
303.29681
303.29131
303.29585
303.29056
303.29497
303.28991
303.2942
303.28938
303.29355
303.28898
303.29302
303.28871
303.29263
303.2886
303.2924
303.28867
303.29236
303.28893
303.29253
303.28943
303.29293
303.29017
303.2936
303.29119
303.29455
303.29251
303.29582
303.29417
303.29743
303.29618
303.29942
303.29858
303.3018
303.30138
303.30459
303.29548
303.30224
303.29625
303.30181
303.29603
303.30117
303.29541
303.30021
303.29444
303.29902
303.29331
303.29773
303.29215
303.29644
303.29103
303.29521
303.29
303.29405
303.28906
303.293
303.28824
303.29206
303.28755
303.29125
303.28698
303.29057
303.28656
303.29002
303.28628
303.28964
303.28617
303.28942
303.28625
303.2894
303.28653
303.28959
303.28703
303.29001
303.28779
303.2907
303.28882
303.29168
303.29016
303.29296
303.29181
303.29459
303.29382
303.29658
303.29619
303.29893
303.29538
303.30196
303.29626
303.30144
303.29594
303.30059
303.29509
303.29936
303.29384
303.29791
303.29245
303.29638
303.29105
303.29487
303.28973
303.29344
303.28851
303.29211
303.2874
303.2909
303.28643
303.28982
303.28558
303.28887
303.28488
303.28805
303.28432
303.28738
303.2839
303.28685
303.28364
303.28649
303.28355
303.28631
303.28366
303.28632
303.28397
303.28655
303.2845
303.28702
303.28529
303.28775
303.28635
303.28876
303.2877
303.29008
303.28937
303.29173
303.29137
303.29371
303.29523
303.30168
303.29621
303.30102
303.29572
303.29989
303.29458
303.29833
303.29301
303.29659
303.29135
303.29481
303.28972
303.29309
303.2882
303.29148
303.28681
303.29
303.28555
303.28865
303.28444
303.28745
303.28348
303.28638
303.28265
303.28545
303.28197
303.28467
303.28144
303.28403
303.28105
303.28355
303.28084
303.28324
303.28079
303.28311
303.28094
303.28317
303.28129
303.28346
303.28187
303.28398
303.2827
303.28476
303.28379
303.28582
303.28517
303.28718
303.28685
303.28885
303.29505
303.30143
303.2961
303.30052
303.29535
303.299
303.29383
303.29707
303.29193
303.29502
303.28998
303.293
303.28814
303.29108
303.28643
303.28931
303.28489
303.2877
303.28351
303.28624
303.28228
303.28493
303.28121
303.28377
303.28029
303.28276
303.27952
303.28188
303.27888
303.28116
303.2784
303.28058
303.27807
303.28016
303.27791
303.27991
303.27792
303.27985
303.27812
303.27998
303.27853
303.28034
303.27916
303.28093
303.28004
303.28177
303.28117
303.28288
303.28258
303.28428
303.29482
303.30121
303.29589
303.29991
303.29477
303.2979
303.29282
303.29555
303.29054
303.29318
303.28832
303.29093
303.28627
303.28884
303.28441
303.28693
303.28274
303.2852
303.28125
303.28365
303.27994
303.28226
303.27878
303.28103
303.27779
303.27995
303.27693
303.27901
303.27623
303.27822
303.27566
303.27757
303.27525
303.27707
303.27499
303.27673
303.27489
303.27656
303.27497
303.27657
303.27524
303.27679
303.27571
303.27722
303.2764
303.27788
303.27733
303.27878
303.27851
303.27995
303.29455
303.30104
303.29555
303.29913
303.29394
303.29651
303.29149
303.29371
303.28883
303.29104
303.28635
303.28857
303.28412
303.28633
303.28213
303.28432
303.28035
303.2825
303.27878
303.28088
303.2774
303.27944
303.27619
303.27816
303.27513
303.27703
303.27423
303.27605
303.27346
303.2752
303.27284
303.2745
303.27236
303.27394
303.27203
303.27353
303.27185
303.27328
303.27183
303.2732
303.27198
303.2733
303.27232
303.2736
303.27286
303.27411
303.27362
303.27485
303.2746
303.27581
303.29422
303.3009
303.29504
303.29813
303.29279
303.29479
303.28979
303.29152
303.28677
303.28857
303.28406
303.28593
303.28167
303.28357
303.27958
303.28147
303.27773
303.2796
303.2761
303.27794
303.27467
303.27646
303.27342
303.27515
303.27233
303.27399
303.27139
303.27298
303.27059
303.27211
303.26993
303.27137
303.2694
303.27077
303.26901
303.27031
303.26877
303.27
303.26867
303.26985
303.26873
303.26987
303.26897
303.27006
303.26938
303.27045
303.26999
303.27104
303.27081
303.27184
303.29385
303.30077
303.29428
303.29683
303.29125
303.29269
303.28769
303.28897
303.28433
303.28577
303.28143
303.28298
303.27893
303.28054
303.27676
303.27839
303.27487
303.27649
303.27322
303.27481
303.27177
303.27333
303.2705
303.27201
303.26939
303.27084
303.26843
303.26982
303.26761
303.26894
303.26693
303.26818
303.26637
303.26756
303.26595
303.26707
303.26565
303.26672
303.2655
303.26651
303.26549
303.26646
303.26564
303.26657
303.26595
303.26686
303.26644
303.26733
303.26712
303.26799
303.29342
303.30059
303.2932
303.29514
303.28926
303.29014
303.28516
303.28602
303.28151
303.28262
303.27846
303.27973
303.27589
303.27725
303.27369
303.27509
303.27179
303.27319
303.27013
303.27152
303.26868
303.27004
303.26742
303.26873
303.26631
303.26758
303.26536
303.26657
303.26453
303.26568
303.26384
303.26493
303.26327
303.2643
303.26282
303.26379
303.2625
303.26342
303.2623
303.26317
303.26224
303.26307
303.26232
303.26312
303.26256
303.26332
303.26295
303.26369
303.26351
303.26424
303.29291
303.30026
303.2917
303.29298
303.28677
303.28713
303.28218
303.28266
303.27831
303.27913
303.27517
303.2762
303.27258
303.27371
303.27038
303.27157
303.26849
303.2697
303.26686
303.26806
303.26543
303.26662
303.26419
303.26534
303.26311
303.26421
303.26217
303.26322
303.26136
303.26236
303.26067
303.26162
303.2601
303.26099
303.25964
303.26048
303.2593
303.26009
303.25908
303.25983
303.25898
303.25969
303.25901
303.25969
303.25918
303.25983
303.25949
303.26012
303.25995
303.26057
303.2923
303.29963
303.28966
303.29024
303.28373
303.28361
303.27874
303.2789
303.27473
303.27531
303.27157
303.27239
303.269
303.26994
303.26684
303.26785
303.265
303.26604
303.26341
303.26446
303.26204
303.26306
303.26084
303.26183
303.25979
303.26075
303.25888
303.2598
303.25809
303.25897
303.25743
303.25825
303.25687
303.25764
303.25641
303.25714
303.25607
303.25675
303.25583
303.25647
303.25571
303.25631
303.2557
303.25628
303.25582
303.25637
303.25606
303.2566
303.25645
303.25697
303.29156
303.29852
303.28699
303.28686
303.28012
303.27959
303.27485
303.27475
303.2708
303.27118
303.26768
303.26833
303.26518
303.26596
303.2631
303.26395
303.26133
303.26222
303.25982
303.26072
303.2585
303.25939
303.25736
303.25823
303.25637
303.2572
303.2555
303.2563
303.25475
303.25551
303.25411
303.25483
303.25358
303.25424
303.25314
303.25376
303.2528
303.25338
303.25256
303.25311
303.25242
303.25294
303.25239
303.25288
303.25247
303.25293
303.25266
303.25311
303.25297
303.25342
303.29063
303.29669
303.28358
303.28278
303.27593
303.27508
303.27053
303.27024
303.26654
303.26676
303.26353
303.26403
303.26114
303.26179
303.25917
303.25989
303.25751
303.25827
303.25608
303.25686
303.25485
303.25562
303.25378
303.25453
303.25285
303.25358
303.25204
303.25273
303.25134
303.252
303.25074
303.25136
303.25024
303.25081
303.24982
303.25036
303.2495
303.25
303.24926
303.24973
303.24912
303.24956
303.24907
303.24949
303.24912
303.24952
303.24927
303.24965
303.24953
303.2499
303.28945
303.2939
303.27936
303.27798
303.27118
303.2701
303.26582
303.2654
303.26199
303.2621
303.25915
303.25954
303.25692
303.25745
303.25509
303.2557
303.25355
303.2542
303.25224
303.2529
303.2511
303.25176
303.25012
303.25077
303.24926
303.24989
303.24852
303.24911
303.24787
303.24844
303.24732
303.24785
303.24685
303.24735
303.24647
303.24693
303.24616
303.2466
303.24594
303.24634
303.2458
303.24618
303.24574
303.2461
303.24577
303.24611
303.24589
303.24621
303.2461
303.24642
303.28789
303.2899
303.27429
303.27246
303.26592
303.26471
303.26077
303.26027
303.25719
303.25722
303.25458
303.25487
303.25254
303.25297
303.25087
303.25138
303.24948
303.25003
303.24829
303.24886
303.24727
303.24783
303.24638
303.24693
303.24561
303.24614
303.24494
303.24545
303.24436
303.24484
303.24386
303.24431
303.24344
303.24386
303.24309
303.24348
303.24281
303.24318
303.2426
303.24294
303.24247
303.24279
303.24241
303.24271
303.24242
303.24271
303.24252
303.24279
303.24269
303.24296
303.28582
303.28451
303.26839
303.26629
303.2602
303.25896
303.25542
303.25491
303.25218
303.25216
303.24984
303.25007
303.24803
303.24838
303.24655
303.24698
303.24532
303.24578
303.24427
303.24475
303.24337
303.24384
303.24259
303.24305
303.2419
303.24236
303.24131
303.24175
303.2408
303.24121
303.24036
303.24075
303.23999
303.24035
303.23968
303.24001
303.23943
303.23974
303.23925
303.23954
303.23913
303.2394
303.23907
303.23932
303.23907
303.23931
303.23915
303.23938
303.23929
303.23951
303.28301
303.27759
303.26171
303.25954
303.25409
303.25292
303.24985
303.24936
303.24701
303.24697
303.24499
303.24516
303.24342
303.24371
303.24215
303.2425
303.24109
303.24147
303.24019
303.24058
303.23941
303.23981
303.23874
303.23913
303.23816
303.23854
303.23766
303.23802
303.23722
303.23756
303.23684
303.23716
303.23652
303.23682
303.23626
303.23653
303.23605
303.2363
303.23589
303.23612
303.23578
303.236
303.23572
303.23593
303.23573
303.23592
303.23578
303.23597
303.2359
303.23608
303.27914
303.26912
303.25438
303.25234
303.2477
303.24666
303.24409
303.24366
303.24172
303.24167
303.24004
303.24017
303.23874
303.23896
303.23768
303.23796
303.23681
303.23711
303.23606
303.23638
303.23543
303.23575
303.23487
303.23519
303.23439
303.2347
303.23397
303.23426
303.23361
303.23389
303.2333
303.23356
303.23304
303.23328
303.23282
303.23304
303.23264
303.23285
303.23251
303.2327
303.23242
303.2326
303.23238
303.23254
303.23237
303.23253
303.23242
303.23257
303.23251
303.23266
303.27369
303.2592
303.24653
303.2448
303.24109
303.24024
303.23822
303.23787
303.23635
303.2363
303.23502
303.23512
303.234
303.23418
303.23318
303.23339
303.23249
303.23273
303.23191
303.23216
303.23141
303.23166
303.23098
303.23122
303.2306
303.23084
303.23028
303.2305
303.22999
303.23021
303.22975
303.22995
303.22955
303.22973
303.22937
303.22955
303.22924
303.2294
303.22913
303.22928
303.22906
303.2292
303.22903
303.22915
303.22902
303.22914
303.22906
303.22917
303.22913
303.22924
303.26583
303.24807
303.23833
303.23704
303.23435
303.23373
303.23227
303.23202
303.23093
303.23089
303.22997
303.23004
303.22924
303.22936
303.22865
303.2288
303.22816
303.22833
303.22774
303.22792
303.22738
303.22756
303.22707
303.22725
303.2268
303.22697
303.22657
303.22673
303.22637
303.22652
303.22619
303.22633
303.22605
303.22618
303.22592
303.22605
303.22583
303.22594
303.22575
303.22586
303.2257
303.2258
303.22567
303.22576
303.22567
303.22576
303.22569
303.22578
303.22574
303.22582
303.25391
303.23605
303.22995
303.22917
303.22754
303.22716
303.22629
303.22613
303.22548
303.22545
303.2249
303.22494
303.22446
303.22454
303.22411
303.2242
303.22381
303.22391
303.22356
303.22367
303.22335
303.22345
303.22316
303.22326
303.223
303.2231
303.22286
303.22295
303.22274
303.22283
303.22263
303.22272
303.22254
303.22262
303.22247
303.22254
303.22241
303.22248
303.22237
303.22243
303.22234
303.22239
303.22232
303.22237
303.22232
303.22237
303.22233
303.22238
303.22236
303.22241
303.2346
303.22357
303.22151
303.22125
303.22071
303.22058
303.22029
303.22024
303.22002
303.22001
303.21983
303.21984
303.21968
303.21971
303.21956
303.21959
303.21946
303.2195
303.21938
303.21942
303.21931
303.21934
303.21925
303.21928
303.21919
303.21923
303.21915
303.21918
303.21911
303.21914
303.21907
303.2191
303.21904
303.21907
303.21902
303.21904
303.219
303.21902
303.21898
303.219
303.21897
303.21899
303.21897
303.21898
303.21897
303.21898
303.21897
303.21899
303.21898
303.219
)
;

boundaryField
{
    inlet
    {
        type            fixedValue;
        value           uniform 303.3;
    }
    outlet
    {
        type            zeroGradient;
    }
    wall_membrane
    {
        type            groovyBC;
        refValue        nonuniform List<scalar> 
50
(
312.88094
312.90919
312.93745
312.9657
312.99395
313.0222
313.05045
313.0787
313.10695
313.1352
313.16345
313.1917
313.21996
313.24821
313.27646
313.30471
313.33296
313.36121
313.38946
313.41771
313.44596
313.47421
313.50247
313.53072
313.55897
313.58722
313.61547
313.64372
313.67197
313.70022
313.72847
313.75672
313.78498
313.81323
313.84148
313.86973
313.89798
313.92623
313.95448
313.98273
314.01098
314.03923
314.06749
314.09574
314.12399
314.15224
314.18049
314.20874
314.23699
314.26524
)
;
        refGradient     uniform 0;
        valueFraction   uniform 1;
        source          uniform 0;
        value           nonuniform List<scalar> 
50
(
312.88094
312.90919
312.93745
312.9657
312.99395
313.0222
313.05045
313.0787
313.10695
313.1352
313.16345
313.1917
313.21996
313.24821
313.27646
313.30471
313.33296
313.36121
313.38946
313.41771
313.44596
313.47421
313.50247
313.53072
313.55897
313.58722
313.61547
313.64372
313.67197
313.70022
313.72847
313.75672
313.78498
313.81323
313.84148
313.86973
313.89798
313.92623
313.95448
313.98273
314.01098
314.03923
314.06749
314.09574
314.12399
314.15224
314.18049
314.20874
314.23699
314.26524
)
;
        valueExpression "Tm";
        gradientExpression "0";
        fractionExpression "1";
        evaluateDuringConstruction 0;
        cyclicSlave     0;
        variables       
12
(
"T_a=303.3;"
"L=0.15;"
"Tp_in=337.5;"
"Tp_out=333.1;"
"T_p=Tp_out-(Tp_out-Tp_in)/L*pos().x;"
"delta_mem=0.0001;"
"lambda_mem=0.053;"
"lambda_alim=0.62;"
"delta_alim=0.001;"
"h_agua=656;"
"h_ef=(lambda_alim/delta_alim)*(1/h_agua+delta_mem/lambda_mem);"
"Tm=((Tp_out-(Tp_out-Tp_in)/L*pos().x)+h_ef*T_a)/(1+h_ef);"
)
;
        timelines       (
);
        lookuptables    (
);
        lookuptables2D  (
);
    }
    wall_up
    {
        type            groovyBC;
        refValue        uniform 303.21729;
        refGradient     uniform 0;
        valueFraction   uniform 1;
        source          uniform 0;
        value           uniform 303.21729;
        valueExpression "T_m";
        gradientExpression "0";
        fractionExpression "1";
        evaluateDuringConstruction 0;
        cyclicSlave     0;
        variables       
10
(
"T_a=303.3;"
"Text=298;"
"L=0.15;"
"delta_ext=0.0261;"
"lambda_ext=15;"
"lambda_alim=0.62;"
"delta_alim=0.001;"
"h_ext=10;"
"h_ef=lambda_alim/delta_alim*(1/h_ext+delta_ext/lambda_ext);"
"T_m=(Text+h_ef*T_a)/(1+h_ef);"
)
;
        timelines       (
);
        lookuptables    (
);
        lookuptables2D  (
);
    }
    sides
    {
        type            empty;
    }
}


// ************************************************************************* //
