/*--------------------------------*- C++ -*----------------------------------*\
| =========                 |                                                 |
| \\      /  F ield         | OpenFOAM: The Open Source CFD Toolbox           |
|  \\    /   O peration     | Version:  2312                                  |
|   \\  /    A nd           | Website:  www.openfoam.com                      |
|    \\/     M anipulation  |                                                 |
\*---------------------------------------------------------------------------*/
FoamFile
{
    version     2.0;
    format      ascii;
    arch        "LSB;label=32;scalar=64";
    class       volScalarField;
    location    "5";
    object      T;
}
// * * * * * * * * * * * * * * * * * * * * * * * * * * * * * * * * * * * * * //

dimensions      [0 0 0 1 0 0 0];

internalField   nonuniform List<scalar> 
4000
(
310.51925
311.79578
311.99456
312.07676
312.13479
312.18904
312.2307
312.27493
312.30993
312.34939
312.3813
312.4179
312.44805
312.48274
312.51176
312.5451
312.57334
312.60567
312.63336
312.66491
312.6922
312.72314
312.7501
312.78055
312.80725
312.83731
312.8638
312.89353
312.91984
312.94931
312.97545
313.00471
313.0307
313.05978
313.08564
313.11458
313.14031
313.16914
313.19474
313.22349
313.24895
313.27766
313.30298
313.33167
313.35682
313.38555
313.41049
313.43936
313.4639
313.49353
308.30595
310.50201
311.03912
311.23372
311.35565
311.46627
311.53926
311.61987
311.6729
311.7392
311.78295
311.84071
311.87916
311.9312
311.96627
312.01424
312.04699
312.09194
312.12303
312.16566
312.19551
312.23631
312.2652
312.30453
312.33265
312.37079
312.39827
312.43545
312.46237
312.49876
312.52519
312.56094
312.58693
312.62215
312.64773
312.68253
312.70771
312.74219
312.76698
312.80122
312.82561
312.85971
312.88367
312.91773
312.94119
312.97536
312.99818
313.03276
313.05438
313.09117
306.89696
309.24825
310.0908
310.39486
310.57955
310.74573
310.84988
310.96643
311.03749
311.13034
311.18599
311.26469
311.3115
311.38073
311.4219
311.48437
311.52169
311.57914
311.61369
311.66729
311.69977
311.75034
311.7812
311.82935
311.85892
311.9051
311.93359
311.97817
312.00573
312.049
312.07575
312.11795
312.14396
312.18529
312.2106
312.25124
312.27589
312.31599
312.33999
312.3797
312.40303
312.4425
312.46511
312.50452
312.5263
312.56589
312.5866
312.62688
312.64563
312.68927
305.94114
308.07206
309.16127
309.56649
309.8109
310.03061
310.16525
310.31676
310.40568
310.52447
310.59198
310.69118
310.7464
310.83247
310.87981
310.95651
310.99846
311.06821
311.10628
311.17068
311.20584
311.26603
311.29893
311.35575
311.38683
311.44093
311.47049
311.52236
311.55062
311.60068
311.62779
311.67636
311.70243
311.74979
311.77489
311.82129
311.84546
311.89112
311.91436
311.95948
311.98179
312.02658
312.04787
312.09258
312.11272
312.15767
312.17633
312.22222
312.23819
312.28828
305.26277
307.00563
308.26572
308.75729
309.05577
309.32539
309.48905
309.67382
309.78012
309.9238
310.00301
310.12198
310.18556
310.28793
310.34145
310.43197
310.4786
310.56029
310.60194
310.67685
310.71476
310.78434
310.81933
310.88464
310.91728
310.97912
311.00981
311.06883
311.09784
311.15455
311.18207
311.2369
311.26308
311.31637
311.34129
311.39336
311.41709
311.46821
311.49075
311.54119
311.56252
311.61254
311.63258
311.68249
311.70105
311.75128
311.76795
311.81934
311.8327
311.88873
304.76656
306.07265
307.42045
307.97762
308.32153
308.63557
308.82577
309.04128
309.16401
309.33107
309.42156
309.55928
309.63102
309.74894
309.80857
309.91231
309.9636
310.05677
310.10202
310.18706
310.22775
310.30639
310.34352
310.41703
310.45129
310.52064
310.5525
310.61847
310.64827
310.71146
310.73944
310.80036
310.8267
310.88577
310.91057
310.96818
310.99151
311.04798
311.06985
311.12551
311.14591
311.20106
311.21988
311.2749
311.29194
311.34732
311.3621
311.41881
311.42979
311.49121
304.39486
305.28469
306.64069
307.23856
307.61638
307.96745
308.18053
308.42337
308.56106
308.74947
308.85052
309.0056
309.08514
309.21759
309.28314
309.39934
309.45519
309.55923
309.60803
309.7027
309.74617
309.83345
309.87274
309.9541
309.99
310.06656
310.09963
310.17227
310.2029
310.27233
310.30082
310.36762
310.39416
310.45884
310.48356
310.54653
310.56951
310.63117
310.65244
310.71315
310.73268
310.79281
310.8105
310.87046
310.88608
310.94643
310.95945
311.02126
311.03012
311.0964
304.11191
304.6439
305.9386
306.55076
306.94871
307.32769
307.55885
307.82472
307.97529
308.18249
308.29303
308.46374
308.55049
308.69622
308.76734
308.89503
308.95524
309.0694
309.12163
309.22532
309.2715
309.36692
309.40832
309.4971
309.53463
309.61803
309.65232
309.73131
309.7628
309.83819
309.86721
309.93964
309.96642
310.03645
310.06114
310.12926
310.15195
310.21859
310.23932
310.30489
310.32363
310.38854
310.40517
310.46988
310.48418
310.5493
310.5607
310.62731
310.63437
310.70497
303.8928
304.14198
305.3221
305.9234
306.32639
306.72289
306.96632
307.25011
307.41091
307.63383
307.75242
307.9367
308.0298
308.18731
308.26348
308.40153
308.46577
308.58913
308.6446
308.75657
308.80532
308.90827
308.95171
309.0474
309.08651
309.1763
309.21178
309.29674
309.32908
309.41009
309.43964
309.51741
309.54444
309.61957
309.64424
309.71727
309.7397
309.8111
309.83132
309.90153
309.91953
309.98901
310.00467
310.07391
310.08699
310.15662
310.16658
310.23766
310.24323
310.31766
303.72045
303.7644
304.79434
305.36319
305.75614
306.15913
306.40829
306.70426
306.8721
307.10723
307.23208
307.42754
307.52589
307.69346
307.77397
307.92105
307.98886
308.1204
308.17877
308.29818
308.34928
308.45907
308.50439
308.6064
308.64699
308.74267
308.77927
308.86977
308.90291
308.98915
309.01922
309.10197
309.12925
309.20916
309.23384
309.31148
309.33368
309.40955
309.42933
309.50392
309.52124
309.59502
309.6098
309.68329
309.69528
309.76912
309.77783
309.85301
309.85739
309.9352
303.58233
303.49181
304.35388
304.87377
305.24297
305.6415
305.88951
306.19154
306.36282
306.60631
306.73529
306.93929
307.04156
307.21724
307.30122
307.45586
307.52663
307.66517
307.72602
307.85193
307.90509
308.02092
308.0679
308.17557
308.21748
308.31849
308.35609
308.45163
308.4855
308.57653
308.60707
308.6944
308.72192
308.80624
308.83093
308.91284
308.93483
309.01487
309.03422
309.11289
309.1296
309.20739
309.22137
309.2988
309.30983
309.38755
309.39519
309.47406
309.47756
309.55833
303.4693
303.30317
303.99532
304.4555
304.78982
305.17377
305.41383
305.71571
305.88659
306.13437
306.26515
306.47482
306.57949
306.76118
306.84757
307.00816
307.08115
307.22542
307.28823
307.4196
307.47441
307.59542
307.64378
307.75638
307.79939
307.90509
307.94355
308.04356
308.07805
308.17338
308.20431
308.29579
308.32349
308.41183
308.4365
308.52231
308.5441
308.62794
308.64692
308.72932
308.74548
308.82693
308.8402
308.92124
308.93143
309.01266
309.01941
309.10156
309.10442
309.18779
303.37481
303.17772
303.71023
304.10572
304.39736
304.75811
304.98397
305.27971
305.44633
305.69428
305.82436
306.03675
306.14212
306.32761
306.41524
306.58006
306.65443
306.80305
306.86718
307.00289
307.0589
307.18415
307.23354
307.35026
307.39411
307.50382
307.54292
307.64682
307.68177
307.78087
307.81208
307.90723
307.93503
308.02694
308.05156
308.14086
308.16243
308.2497
308.26831
308.35407
308.36972
308.45447
308.46711
308.55138
308.56086
308.6452
308.65126
308.73625
308.73868
308.8243
303.29399
303.0967
303.48836
303.8193
304.06402
304.39495
304.60131
304.8855
305.04416
305.2883
305.41514
305.62729
305.7316
305.91862
306.00621
306.17348
306.24828
306.39982
306.46458
306.60344
306.6601
306.78862
306.83861
306.95862
307.00299
307.11596
307.15547
307.2626
307.29782
307.40012
307.43148
307.52977
307.55758
307.65259
307.67708
307.76944
307.79076
307.88104
307.89928
307.98799
308.00317
308.09083
308.10292
308.19001
308.19889
308.28592
308.29144
308.37886
308.38102
308.46857
303.22355
303.0447
303.31877
303.58933
303.78623
304.08304
304.26588
304.53393
304.68133
304.91797
305.03915
305.24819
305.34965
305.53594
305.62218
305.79009
305.86433
306.01733
306.08194
306.22273
306.27946
306.4102
306.46034
306.58275
306.62727
306.74275
306.78237
306.89206
306.92734
307.03222
307.06355
307.16443
307.19213
307.28973
307.31402
307.40896
307.42999
307.52282
307.54069
307.63193
307.64666
307.7368
307.74839
307.83789
307.84627
307.93557
307.94069
308.0301
308.03212
308.12128
303.16107
303.00982
303.19077
303.40787
303.55889
303.81963
303.97635
304.22473
304.35813
304.58404
304.69735
304.90062
304.99752
305.18093
305.26448
305.43128
305.50393
305.65692
305.72058
305.86208
305.91824
306.05016
306.09994
306.22385
306.26812
306.3853
306.42472
306.53627
306.57134
306.67818
306.70929
306.81219
306.83963
306.93929
306.96328
307.06029
307.08097
307.17589
307.19335
307.28667
307.30097
307.39314
307.40429
307.49575
307.50373
307.59485
307.59969
307.69067
307.69263
307.78309
303.10498
302.98381
303.0946
303.26662
303.37585
303.60072
303.73022
303.95654
304.07393
304.28647
304.39002
304.58517
304.67594
304.85447
304.93407
305.09807
305.16812
305.31967
305.38158
305.52258
305.57751
305.70956
305.75846
305.88295
305.92654
306.04463
306.0835
306.19619
306.23079
306.33892
306.3696
306.47393
306.50095
306.60211
306.62567
306.72426
306.7445
306.84102
306.85805
306.95296
306.96683
307.06058
307.07133
307.16429
307.17193
307.26443
307.26907
307.36123
307.36317
307.45463
303.05414
302.96139
303.02193
303.1576
303.23051
303.42147
303.52405
303.7271
303.82724
304.02444
304.11675
304.3018
304.38509
304.55697
304.63146
304.7911
304.85759
305.00637
305.06573
305.20505
305.25811
305.38927
305.43674
305.56091
305.60339
305.72158
305.75955
305.87265
305.90649
306.01527
306.04528
306.15043
306.17685
306.27896
306.30197
306.40159
306.42132
306.51892
306.53547
306.6315
306.64493
306.73978
306.75014
306.84416
306.85152
306.94496
306.94945
307.04239
307.04434
307.13647
303.00781
302.93967
302.96598
303.07354
303.11631
303.27657
303.3537
303.53337
303.61579
303.79641
303.87647
304.04989
304.12461
304.28834
304.35672
304.51063
304.57268
304.71745
304.77351
304.91006
304.96062
305.08992
305.13545
305.25842
305.29935
305.41686
305.45356
305.56636
305.59914
305.70791
305.73702
305.84238
305.86802
305.97051
305.99282
306.09294
306.11206
306.21025
306.22625
306.32291
306.33587
306.43136
306.44134
306.53595
306.54305
306.63699
306.64138
306.7347
306.73668
306.82916
302.96544
302.91738
302.92153
303.00823
303.02708
303.1606
303.21466
303.37178
303.43677
303.60023
303.66753
303.82826
303.89364
304.04802
304.10949
304.2565
304.31335
304.45302
304.50512
304.6379
304.68537
304.81189
304.85498
304.97594
305.0149
305.13096
305.16605
305.27784
305.30928
305.4174
305.44537
305.55034
305.575
305.67731
305.69879
305.79888
305.81727
305.91554
305.93092
306.02773
306.04018
306.13583
306.14543
306.24019
306.24704
306.34107
306.34535
306.43869
306.44068
306.53316
302.92663
302.89428
302.88483
302.9566
302.95733
303.06837
303.10231
303.23845
303.28692
303.43331
303.48779
303.63526
303.69083
303.83502
303.88898
304.02817
304.07921
304.21286
304.26042
304.38854
304.43242
304.55534
304.59553
304.7137
304.7503
304.86421
304.89734
305.00748
305.03728
305.14413
305.17073
305.27474
305.29823
305.39981
305.4203
305.51984
305.53739
305.63524
305.64994
305.74641
305.75831
305.85367
305.86286
305.95732
305.96392
306.05762
306.0618
306.15477
306.15676
306.24892
302.89102
302.87068
302.85329
302.91472
302.90237
302.99513
303.01219
303.12943
303.16278
303.29273
303.33479
303.46883
303.51449
303.64796
303.69406
303.82473
303.86954
303.99642
304.03898
304.16171
304.20155
304.32015
304.35704
304.47173
304.50562
304.61672
304.64759
304.75546
304.78337
304.88836
304.91336
305.01585
305.03799
305.13833
305.15767
305.25616
305.27277
305.36972
305.38364
305.47931
305.49061
305.58522
305.59398
305.68771
305.69404
305.78701
305.79107
305.88332
305.88528
305.97677
302.85834
302.84707
302.82525
302.8797
302.85843
302.93674
302.94016
303.04087
303.06085
303.17542
303.2058
303.32668
303.3626
303.48516
303.52328
303.645
303.6833
303.80285
303.8401
303.95683
303.99229
304.10596
304.13923
304.24985
304.28071
304.38842
304.41677
304.52179
304.54757
304.65017
304.67337
304.77383
304.79445
304.89303
304.9111
305.00806
305.02362
305.1192
305.13227
305.22669
305.23733
305.33077
305.33905
305.43166
305.43768
305.52955
305.53345
305.62463
305.62653
305.71702
302.82832
302.82394
302.79971
302.84949
302.82255
302.88972
302.88257
302.96919
302.97772
303.07829
303.09802
303.20633
303.23296
303.34469
303.37494
303.48751
303.51921
303.63108
303.66281
303.7731
303.80395
303.9122
303.9416
304.04763
304.07524
304.17905
304.20464
304.30633
304.32977
304.42949
304.45071
304.54865
304.56761
304.66397
304.68065
304.77563
304.79003
304.88381
304.89595
304.9887
304.99862
305.09049
305.09824
305.18934
305.19502
305.28542
305.28914
305.3789
305.38073
305.46988
302.80072
302.80166
302.77613
302.82272
302.79251
302.85127
302.83629
302.91117
302.91025
302.99835
303.00865
303.10523
303.12322
303.22449
303.24716
303.35062
303.37579
303.4798
303.50597
303.60951
303.63563
303.73808
303.76346
303.86449
303.88867
303.98815
304.01081
304.10873
304.12968
304.22609
304.24518
304.34018
304.35734
304.45107
304.46624
304.55882
304.57198
304.66356
304.67469
304.76539
304.77453
304.86445
304.87164
304.96086
304.96616
305.05475
305.05825
305.14627
305.14801
305.2355
302.77535
302.78049
302.75423
302.79852
302.76675
302.81924
302.79872
302.86404
302.85556
302.93282
302.93501
303.02087
303.03107
303.12241
303.13797
303.23253
303.2514
303.34756
303.36823
303.46488
303.48624
303.58266
303.60393
303.69967
303.7203
303.81512
303.83474
303.92853
303.94686
304.03959
304.05645
304.14814
304.16339
304.25411
304.26768
304.3575
304.36934
304.45835
304.46842
304.5567
304.56501
304.65263
304.6592
304.74623
304.7511
304.83758
304.84082
304.92679
304.92841
305.01394
302.75198
302.76057
302.73387
302.77636
302.74417
302.792
302.76782
302.82547
302.81119
302.87918
302.87461
302.95087
302.95419
303.03632
303.04536
303.1314
303.14433
303.23278
303.24814
303.33789
303.35457
303.44482
303.46199
303.55224
303.5693
303.65921
303.67573
303.7651
303.78075
303.86948
303.88403
303.97209
303.98538
304.07276
304.08467
304.1714
304.18185
304.26797
304.27692
304.36247
304.36989
304.45492
304.46083
304.54535
304.54977
304.63383
304.63678
304.72043
304.72191
304.80519
302.73047
302.74193
302.71499
302.75593
302.72404
302.76837
302.742
302.79357
302.77503
302.83522
302.82519
302.893
302.89043
302.96414
302.96736
303.04538
303.05283
303.13384
303.14419
303.22713
303.2393
303.32338
303.33654
303.42119
303.43471
303.51955
303.53295
303.61771
303.63064
303.71515
303.72735
303.81152
303.82279
303.90658
303.91677
304.00014
304.00916
304.09212
304.0999
304.18245
304.18895
304.2711
304.27631
304.35807
304.36199
304.44338
304.44601
304.52708
304.5284
304.60916
302.71065
302.72458
302.69756
302.73707
302.70591
302.74754
302.72006
302.76684
302.74535
302.79907
302.78479
302.84526
302.83778
302.90391
302.90205
302.97265
302.97514
303.0491
303.0548
303.13116
303.13906
303.21706
303.22636
303.3054
303.31548
303.39515
303.4055
303.4855
303.49575
303.57586
303.58572
303.6658
303.67505
303.75501
303.76348
303.84326
303.85083
303.93038
303.93697
304.01628
304.02183
304.10087
304.10535
304.18411
304.18751
304.266
304.2683
304.34654
304.3477
304.42571
302.69241
302.70847
302.68154
302.71966
302.68948
302.72895
302.70116
302.74415
302.72076
302.76917
302.7517
302.80589
302.79443
302.85385
302.84766
302.91148
302.9096
302.97696
302.97844
303.0485
303.05246
303.12452
303.13019
303.2037
303.21048
303.28499
303.29238
303.36757
303.37519
303.4508
303.45835
303.53422
303.54145
303.61744
303.62418
303.70019
303.70631
303.78228
303.78766
303.86354
303.86812
303.94386
303.94759
304.02316
304.02602
304.10141
304.10335
304.17858
304.17955
304.25461
302.67564
302.69356
302.6669
302.70367
302.67459
302.71225
302.68466
302.72462
302.70018
302.74423
302.72451
302.77337
302.7588
302.81233
302.80255
302.86026
302.85462
302.91586
302.9136
302.97773
302.97809
303.04447
303.04678
303.11488
303.11856
303.18797
303.19256
303.26293
303.26803
303.3391
303.34441
303.41597
303.42125
303.49315
303.4982
303.57032
303.575
303.64724
303.65143
303.72372
303.72734
303.79961
303.80259
303.8748
303.87711
303.94924
303.95081
304.02285
304.02365
304.09557
302.66025
302.67982
302.65361
302.68906
302.66113
302.69718
302.67017
302.70765
302.68279
302.72327
302.70207
302.74641
302.72953
302.77792
302.76527
302.81751
302.80871
302.86437
302.85886
302.91744
302.91461
302.97559
302.97484
303.03774
303.03857
303.103
303.10495
303.17057
303.17329
303.23982
303.243
303.31024
303.31363
303.38139
303.3848
303.45295
303.45623
303.52464
303.52766
303.59625
303.59892
303.66761
303.66985
303.73858
303.74033
303.80906
303.81027
303.87898
303.8796
303.94825
302.64619
302.66721
302.64163
302.6758
302.64903
302.68361
302.65738
302.69278
302.66797
302.70548
302.68343
302.72397
302.70544
302.7494
302.73453
302.78192
302.77053
302.82114
302.81287
302.86634
302.86072
302.91662
302.91316
302.9711
302.96934
303.02895
303.0285
303.08947
303.08998
303.15203
303.15322
303.21614
303.21775
303.28136
303.28321
303.34734
303.34928
303.41381
303.4157
303.48053
303.48227
303.5473
303.54881
303.61397
303.61517
303.68041
303.68126
303.74653
303.74697
303.81224
302.63345
302.65575
302.63096
302.66386
302.63826
302.67143
302.6461
302.67969
302.65525
302.69027
302.66786
302.70519
302.68558
302.72572
302.70921
302.75233
302.7389
302.78496
302.77442
302.8232
302.81521
302.86639
302.86055
302.9138
302.90975
302.96475
302.96213
303.0186
303.01709
303.07477
303.07411
303.13279
303.13274
303.19223
303.19261
303.25274
303.25341
303.31405
303.31486
303.37589
303.37674
303.43807
303.43887
303.5004
303.50108
303.56276
303.56326
303.62503
303.62529
303.68709
302.62203
302.64545
302.62157
302.65324
302.62876
302.66057
302.63619
302.66816
302.64431
302.67718
302.65479
302.68938
302.66917
302.70601
302.68836
302.72774
302.71277
302.75476
302.7424
302.78691
302.77695
302.82377
302.81591
302.86477
302.85872
302.90935
302.9048
302.95696
302.95364
303.00709
303.00476
303.05929
303.05773
303.11316
303.11219
303.16836
303.16784
303.22461
303.22441
303.28165
303.28166
303.33927
303.3394
303.39729
303.39747
303.45556
303.45572
303.51395
303.51405
303.57234
302.61201
302.63636
302.61346
302.64391
302.62051
302.65098
302.62756
302.65801
302.63488
302.66588
302.64377
302.676
302.65556
302.68955
302.67119
302.70729
302.69121
302.72958
302.71583
302.75648
302.74494
302.78775
302.77822
302.82299
302.81524
302.86176
302.85554
302.9036
302.89869
302.94807
302.94424
302.99477
302.99183
303.04332
303.04112
303.0934
303.0918
303.14475
303.14361
303.19711
303.19633
303.25026
303.24976
303.30402
303.30372
303.35823
303.35807
303.41275
303.41269
303.46746
302.60353
302.62853
302.60662
302.63584
302.61346
302.64259
302.62012
302.64913
302.6268
302.6561
302.63447
302.66463
302.64425
302.67576
302.65704
302.69025
302.67345
302.70861
302.69384
302.73102
302.71826
302.7574
302.74653
302.78751
302.77836
302.82103
302.81341
302.85759
302.8513
302.89682
302.89169
302.93836
302.93421
302.98188
302.97858
303.02709
303.0245
303.07373
303.07174
303.12155
303.12006
303.17035
303.16928
303.21994
303.21921
303.27016
303.26971
303.32086
303.32065
303.37192
302.59674
302.62202
302.60104
302.62899
302.60755
302.63535
302.61378
302.6414
302.6199
302.64764
302.62661
302.65493
302.63483
302.66415
302.64536
302.67604
302.65884
302.69114
302.67569
302.70974
302.69608
302.7319
302.71998
302.7575
302.74721
302.78631
302.77753
302.81808
302.81063
302.85248
302.84624
302.88923
302.88404
302.92804
302.92378
302.96865
302.96519
303.0108
303.00805
303.05428
303.05215
303.09888
303.09728
303.14442
303.14329
303.19074
303.19003
303.2377
303.23735
303.28516
302.59175
302.61681
302.59665
302.6233
302.60273
302.62918
302.60848
302.63474
302.61407
302.64034
302.62
302.64664
302.62699
302.65436
302.63573
302.66416
302.64682
302.67657
302.66073
302.69197
302.67771
302.71051
302.69783
302.73216
302.72101
302.75681
302.7471
302.78425
302.77587
302.81427
302.8071
302.84662
302.84054
302.88105
302.87596
302.91733
302.91313
302.95524
302.95184
302.99459
302.99189
303.03517
303.03311
303.07681
303.07533
303.11936
303.11841
303.16267
303.16221
303.20662
302.58855
302.61288
302.5934
302.61868
302.59891
302.62401
302.60413
302.62904
302.60919
302.63407
302.61446
302.63956
302.62047
302.64608
302.62778
302.65419
302.63694
302.66441
302.64842
302.67715
302.66253
302.6926
302.67941
302.71083
302.69906
302.7318
302.72139
302.7554
302.74628
302.78145
302.77354
302.80977
302.80297
302.84016
302.83439
302.87242
302.86759
302.90637
302.90239
302.9418
302.93862
302.97856
302.97611
303.01648
303.0147
303.05541
303.05425
303.0952
303.09463
303.13574
302.58696
302.61009
302.59116
302.61504
302.59599
302.61974
302.60064
302.62423
302.60519
302.62872
302.60986
302.63352
302.61506
302.63906
302.62122
302.64581
302.62882
302.65425
302.63831
302.66476
302.65001
302.6776
302.66412
302.69289
302.68071
302.71065
302.69975
302.73084
302.72117
302.75334
302.74485
302.77801
302.77064
302.80471
302.79837
302.83325
302.8279
302.8635
302.85906
302.89528
302.89169
302.92843
302.92564
302.96281
302.96077
302.99828
302.99694
303.0347
303.03404
303.07196
302.58663
302.60825
302.58979
302.61225
302.59386
302.61628
302.59792
302.62022
302.60195
302.62418
302.60609
302.62837
302.6106
302.63311
302.61582
302.63876
302.62215
302.64573
302.63
302.6544
302.6397
302.66504
302.65147
302.67782
302.66541
302.6928
302.68158
302.70998
302.69994
302.72932
302.72042
302.75071
302.7429
302.77404
302.76728
302.79919
302.79343
302.82602
302.8212
302.85439
302.85047
302.88416
302.8811
302.91521
302.91295
302.9474
302.94592
302.98061
302.97988
303.01473
302.58713
302.60715
302.58912
302.61017
302.59242
302.61352
302.59587
302.6169
302.59939
302.62036
302.60302
302.62401
302.60694
302.62806
302.61138
302.6328
302.61668
302.63857
302.62318
302.64572
302.63122
302.65452
302.64101
302.66515
302.65269
302.67773
302.66636
302.69229
302.68203
302.70883
302.69966
302.72729
302.71918
302.74759
302.74052
302.76963
302.76357
302.79333
302.78822
302.81855
302.81437
302.84518
302.84189
302.8731
302.87067
302.90221
302.90061
302.93238
302.93158
302.96351
302.58805
302.60657
302.58897
302.60867
302.59153
302.61136
302.5944
302.6142
302.59742
302.61717
302.60058
302.62032
302.60396
302.62378
302.60776
302.62776
302.6122
302.63254
302.61759
302.63843
302.62424
302.64569
302.63236
302.65451
302.64213
302.66502
302.65364
302.6773
302.66695
302.69138
302.68207
302.70723
302.69895
302.72481
302.71754
302.74405
302.73778
302.76488
302.75958
302.78721
302.78284
302.81093
302.80748
302.83595
302.83339
302.86216
302.86047
302.88947
302.88863
302.91778
302.5891
302.60629
302.58921
302.60763
302.5911
302.6097
302.59342
302.61202
302.59596
302.61452
302.59866
302.61721
302.60158
302.62015
302.6048
302.62349
302.60853
302.62745
302.613
302.63229
302.6185
302.63825
302.62522
302.64554
302.63335
302.65428
302.64301
302.6646
302.65428
302.67652
302.66718
302.69007
302.68171
302.70522
302.69785
302.72194
302.71554
302.74017
302.73474
302.75985
302.75537
302.7809
302.77735
302.80323
302.80059
302.82676
302.825
302.85139
302.85052
302.87705
302.59009
302.60619
302.58968
302.60691
302.591
302.60843
302.59282
302.61028
302.59491
302.61235
302.5972
302.61461
302.59968
302.61708
302.60241
302.61986
302.60553
302.62312
302.60923
302.62708
302.61376
302.63197
302.61931
302.63796
302.62606
302.6452
302.63413
302.65381
302.64363
302.66386
302.65459
302.67539
302.66705
302.68838
302.681
302.70285
302.69641
302.71874
302.71325
302.73602
302.73147
302.75462
302.75101
302.77448
302.77178
302.79552
302.79373
302.81766
302.81677
302.84084
302.59097
302.60615
302.59029
302.60642
302.59115
302.60748
302.59253
302.60889
302.59422
302.61056
302.59612
302.61242
302.5982
302.61447
302.60048
302.61677
302.60307
302.61943
302.60613
302.62266
302.60985
302.62663
302.61441
302.63152
302.61998
302.63749
302.6267
302.64464
302.63467
302.65307
302.64395
302.66282
302.65458
302.67392
302.66659
302.68637
302.67996
302.70017
302.69469
302.71528
302.71072
302.73165
302.72802
302.74925
302.74653
302.76799
302.76619
302.78783
302.78694
302.80871
302.59173
302.60613
302.59097
302.60609
302.59147
302.60676
302.59248
302.6078
302.5938
302.6091
302.59534
302.61059
302.59705
302.61225
302.59894
302.61411
302.60106
302.61626
302.60356
302.61886
302.6066
302.62206
302.61033
302.62603
302.6149
302.63091
302.62047
302.63681
302.62712
302.64384
302.63494
302.65204
302.64398
302.66147
302.65427
302.67215
302.66583
302.68407
302.67865
302.69723
302.69271
302.71159
302.70798
302.72713
302.72442
302.74378
302.74197
302.7615
302.7606
302.78024
302.59238
302.60608
302.59165
302.60585
302.5919
302.60621
302.5926
302.60693
302.5936
302.6079
302.5948
302.60905
302.59617
302.61035
302.59769
302.61182
302.59941
302.61352
302.60143
302.61557
302.60387
302.61812
302.6069
302.6213
302.61063
302.62526
302.6152
302.63009
302.62073
302.63591
302.62729
302.64278
302.63493
302.65075
302.64372
302.65986
302.65367
302.67012
302.66479
302.68153
302.67708
302.69408
302.69052
302.70775
302.70507
302.72249
302.7207
302.73827
302.73738
302.75505
302.59294
302.606
302.59231
302.60565
302.59238
302.60578
302.59283
302.60623
302.59355
302.6069
302.59445
302.60774
302.5955
302.60871
302.59668
302.60981
302.59803
302.61111
302.59962
302.61269
302.60156
302.61468
302.60398
302.6172
302.607
302.62036
302.61073
302.62429
302.61529
302.62907
302.62076
302.63478
302.6272
302.64148
302.63467
302.64921
302.6432
302.658
302.65281
302.66786
302.66352
302.67878
302.6753
302.69076
302.68815
302.70377
302.70203
302.71778
302.71691
302.73277
302.59343
302.60588
302.59292
302.60547
302.59288
302.60543
302.59313
302.60565
302.5936
302.60606
302.59423
302.6066
302.59498
302.60726
302.59585
302.60803
302.59686
302.60896
302.59807
302.61013
302.59957
302.61164
302.60147
302.61359
302.60388
302.61608
302.6069
302.61923
302.61063
302.62312
302.61515
302.62783
302.62055
302.63343
302.62687
302.63995
302.63415
302.64745
302.64243
302.65593
302.65172
302.66541
302.66203
302.67588
302.67333
302.68732
302.68562
302.69973
302.69888
302.71307
302.59385
302.60572
302.59348
302.60529
302.59337
302.60512
302.59347
302.60515
302.59372
302.60532
302.59409
302.60558
302.59456
302.60595
302.59514
302.60642
302.59583
302.60702
302.5967
302.60782
302.59782
302.60891
302.59927
302.61037
302.60115
302.61229
302.60356
302.61477
302.60658
302.6179
302.6103
302.62176
302.61479
302.62639
302.62011
302.63187
302.6263
302.63823
302.63341
302.6455
302.64145
302.65369
302.65043
302.66281
302.66035
302.67285
302.67121
302.6838
302.68298
302.69565
302.59421
302.60553
302.59399
302.60509
302.59384
302.60483
302.5938
302.60469
302.59386
302.60463
302.59399
302.60465
302.5942
302.60474
302.59449
302.60492
302.5949
302.60522
302.59546
302.60569
302.59623
302.60641
302.59729
302.60745
302.59872
302.60888
302.60061
302.6108
302.60302
302.61328
302.60605
302.61639
302.60976
302.62021
302.61422
302.62478
302.61946
302.63015
302.62553
302.63635
302.63246
302.6434
302.64027
302.65131
302.64896
302.6601
302.65852
302.66974
302.66895
302.68024
302.59452
302.6053
302.59444
302.60487
302.59426
302.60454
302.59411
302.60425
302.59398
302.60398
302.59389
302.60374
302.59384
302.60357
302.59387
302.60348
302.59401
302.60351
302.59429
302.60369
302.59475
302.60408
302.59547
302.60475
302.59651
302.60577
302.59795
302.6072
302.59985
302.60913
302.60229
302.61161
302.60533
302.61472
302.60903
302.6185
302.61345
302.62301
302.61862
302.62827
302.62457
302.63432
302.63134
302.64117
302.63892
302.64883
302.64732
302.6573
302.65655
302.66659
302.59477
302.60505
302.59483
302.60463
302.59463
302.60423
302.59437
302.60379
302.59407
302.60331
302.59374
302.60284
302.59345
302.60242
302.59324
302.60208
302.59312
302.60184
302.59314
302.60176
302.59333
302.60187
302.59375
302.60222
302.59446
302.60288
302.5955
302.6039
302.59696
302.60536
302.5989
302.6073
302.60136
302.6098
302.60442
302.61291
302.60812
302.61666
302.6125
302.62111
302.6176
302.62628
302.62345
302.63219
302.63005
302.63885
302.63742
302.64628
302.64556
302.65447
302.59497
302.60476
302.59517
302.60435
302.59494
302.60388
302.59457
302.60328
302.59407
302.60259
302.59353
302.60189
302.593
302.60123
302.59255
302.60066
302.59219
302.60019
302.59197
302.59987
302.59192
302.59972
302.59208
302.5998
302.59249
302.60015
302.59321
302.60082
302.59429
302.60187
302.59579
302.60336
302.59777
302.60534
302.60027
302.60787
302.60335
302.61098
302.60705
302.61472
302.6114
302.61912
302.61644
302.6242
302.62217
302.62998
302.62862
302.63648
302.6358
302.64369
302.59512
302.60445
302.59546
302.60404
302.59518
302.60347
302.59467
302.6027
302.59398
302.6018
302.59321
302.60087
302.59245
302.59999
302.59177
302.59919
302.59119
302.5985
302.59076
302.59797
302.59049
302.5976
302.59041
302.59744
302.59057
302.59753
302.59101
302.5979
302.59177
302.59862
302.59291
302.59972
302.59446
302.60126
302.59649
302.60328
302.59903
302.60584
302.60214
302.60897
302.60584
302.61269
302.61017
302.61705
302.61514
302.62206
302.62078
302.62773
302.62709
302.63407
302.59523
302.60412
302.59569
302.60369
302.59534
302.603
302.59466
302.60203
302.59375
302.6009
302.59275
302.59975
302.59177
302.59864
302.59087
302.59764
302.59009
302.59676
302.58946
302.59603
302.589
302.59547
302.58872
302.59511
302.58867
302.59497
302.58886
302.59509
302.58935
302.59552
302.59017
302.5963
302.59137
302.59746
302.59299
302.59907
302.59508
302.60115
302.59768
302.60375
302.60081
302.60689
302.60452
302.61062
302.60882
302.61494
302.61374
302.61988
302.61928
302.62546
302.59529
302.60378
302.59586
302.60329
302.59541
302.60243
302.59451
302.60123
302.59336
302.59987
302.59213
302.59849
302.59093
302.59718
302.58983
302.59599
302.58887
302.59493
302.58806
302.59404
302.58742
302.59331
302.58698
302.59277
302.58673
302.59244
302.58673
302.59236
302.58699
302.59255
302.58754
302.59305
302.58844
302.5939
302.58972
302.59514
302.59142
302.59682
302.59357
302.59896
302.59622
302.60161
302.59939
302.60479
302.6031
302.60851
302.60738
302.61281
302.61225
302.6177
302.5953
302.60342
302.59598
302.60282
302.59535
302.60174
302.5942
302.60027
302.59278
302.59866
302.59131
302.59707
302.5899
302.59557
302.58862
302.59421
302.58749
302.593
302.58653
302.59196
302.58575
302.59109
302.58515
302.5904
302.58476
302.58992
302.58458
302.58966
302.58464
302.58965
302.58498
302.58992
302.58563
302.59051
302.58661
302.59145
302.58798
302.59279
302.58976
302.59455
302.59199
302.59676
302.59469
302.59946
302.59789
302.60267
302.60161
302.6064
302.60587
302.61068
302.59527
302.60305
302.59602
302.60227
302.59516
302.6009
302.59369
302.59913
302.592
302.59727
302.59029
302.59547
302.58868
302.59379
302.58723
302.59228
302.58596
302.59094
302.58487
302.58978
302.58396
302.58879
302.58324
302.58799
302.58271
302.58738
302.58239
302.58698
302.5823
302.5868
302.58245
302.58689
302.58289
302.58726
302.58363
302.58795
302.58471
302.58899
302.58617
302.59042
302.58804
302.59227
302.59034
302.59455
302.59309
302.59731
302.59633
302.60055
302.60006
302.6043
302.59519
302.60269
302.59598
302.60161
302.59479
302.59988
302.59295
302.59778
302.59097
302.59566
302.58903
302.59367
302.58725
302.59184
302.58565
302.5902
302.58426
302.58875
302.58305
302.58749
302.58204
302.58641
302.58122
302.58551
302.58059
302.5848
302.58015
302.58428
302.57993
302.58398
302.57994
302.58391
302.58019
302.5841
302.58073
302.58458
302.58158
302.58539
302.58277
302.58654
302.58432
302.58807
302.58627
302.59
302.58864
302.59236
302.59145
302.59518
302.59472
302.59846
302.59506
302.60231
302.59582
302.6008
302.59421
302.59863
302.59196
302.59619
302.58967
302.59382
302.58752
302.59165
302.58558
302.58969
302.58387
302.58795
302.58237
302.58642
302.58108
302.58508
302.57999
302.58393
302.57909
302.58296
302.57837
302.58217
302.57785
302.58156
302.57752
302.58116
302.57741
302.58097
302.57752
302.58102
302.57789
302.58133
302.57855
302.58193
302.5795
302.58284
302.5808
302.58411
302.58245
302.58574
302.58448
302.58776
302.58692
302.5902
302.58978
302.59308
302.59489
302.60193
302.59551
302.5998
302.59337
302.59712
302.59068
302.59432
302.5881
302.59173
302.58576
302.58941
302.58368
302.58734
302.58187
302.58553
302.5803
302.58393
302.57895
302.58254
302.5778
302.58134
302.57684
302.58032
302.57607
302.57948
302.57547
302.57881
302.57507
302.57833
302.57485
302.57804
302.57486
302.57798
302.57509
302.57815
302.57558
302.57858
302.57635
302.57931
302.57742
302.58034
302.57881
302.58172
302.58056
302.58345
302.58267
302.58557
302.58517
302.58808
302.59465
302.6015
302.595
302.59855
302.59222
302.59532
302.58908
302.59217
302.58623
302.58938
302.58373
302.58693
302.58155
302.5848
302.57967
302.58293
302.57805
302.5813
302.57665
302.57988
302.57547
302.57865
302.57447
302.5776
302.57366
302.57672
302.57302
302.57601
302.57255
302.57547
302.57227
302.57512
302.57218
302.57497
302.57231
302.57503
302.57266
302.57533
302.57327
302.57589
302.57415
302.57674
302.57533
302.5779
302.57683
302.57938
302.57866
302.58121
302.58085
302.58341
302.59436
302.60101
302.59424
302.597
302.59073
302.59318
302.58714
302.58971
302.58406
302.58676
302.58143
302.58423
302.57918
302.58205
302.57726
302.58016
302.57561
302.57852
302.57421
302.57709
302.57301
302.57586
302.57199
302.5748
302.57116
302.5739
302.57049
302.57317
302.56998
302.5726
302.56965
302.57219
302.56949
302.57197
302.56953
302.57195
302.56978
302.57214
302.57025
302.57258
302.57098
302.57327
302.57197
302.57424
302.57326
302.57551
302.57485
302.5771
302.57677
302.57902
302.59399
302.60038
302.59314
302.59508
302.58885
302.59068
302.58485
302.58694
302.58158
302.58387
302.57886
302.5813
302.57659
302.57911
302.57466
302.57723
302.57301
302.5756
302.57161
302.57419
302.57041
302.57296
302.5694
302.57191
302.56856
302.57102
302.56788
302.57028
302.56735
302.56969
302.56698
302.56925
302.56678
302.56898
302.56675
302.5689
302.56691
302.56901
302.56728
302.56934
302.56788
302.5699
302.56871
302.57071
302.56982
302.5718
302.5712
302.57318
302.57288
302.57486
302.59354
302.59952
302.59164
302.59274
302.58654
302.5878
302.58219
302.58386
302.5788
302.58073
302.57605
302.57815
302.57378
302.57598
302.57187
302.57414
302.57025
302.57255
302.56888
302.57117
302.5677
302.56998
302.56671
302.56895
302.56588
302.56807
302.5652
302.56734
302.56466
302.56674
302.56427
302.56629
302.56403
302.566
302.56396
302.56587
302.56405
302.56591
302.56434
302.56615
302.56482
302.56661
302.56553
302.56729
302.56648
302.56822
302.56768
302.56942
302.56915
302.5709
302.59297
302.59834
302.58966
302.58993
302.58378
302.58453
302.57918
302.58047
302.57573
302.57733
302.573
302.5748
302.57077
302.57269
302.56891
302.5709
302.56734
302.56937
302.56601
302.56805
302.56488
302.5669
302.56392
302.56591
302.56311
302.56506
302.56245
302.56435
302.56192
302.56377
302.56152
302.56332
302.56127
302.56301
302.56116
302.56285
302.5612
302.56285
302.56142
302.56302
302.56182
302.56339
302.56241
302.56396
302.56322
302.56476
302.56426
302.5658
302.56555
302.56709
302.59226
302.59668
302.58712
302.58662
302.58057
302.58088
302.57582
302.57679
302.57239
302.57372
302.56972
302.57127
302.56757
302.56925
302.56579
302.56754
302.5643
302.56609
302.56304
302.56483
302.56196
302.56375
302.56105
302.56281
302.56028
302.562
302.55964
302.56132
302.55913
302.56076
302.55874
302.56032
302.55847
302.56001
302.55834
302.55983
302.55835
302.5598
302.55851
302.55992
302.55884
302.56022
302.55934
302.5607
302.56004
302.56138
302.56094
302.56228
302.56206
302.56341
302.59135
302.59441
302.58397
302.58278
302.57691
302.57686
302.57214
302.57284
302.5688
302.56989
302.56626
302.56757
302.56422
302.56566
302.56254
302.56407
302.56114
302.56271
302.55996
302.56154
302.55895
302.56052
302.5581
302.55965
302.55737
302.5589
302.55677
302.55826
302.55629
302.55773
302.55591
302.55731
302.55565
302.55701
302.55551
302.55682
302.5555
302.55676
302.55561
302.55685
302.55588
302.55709
302.55631
302.55749
302.5569
302.55808
302.55768
302.55885
302.55866
302.55984
302.59018
302.59136
302.58016
302.57841
302.57282
302.57252
302.56817
302.56866
302.565
302.56588
302.56262
302.56372
302.56072
302.56196
302.55918
302.56049
302.55789
302.55924
302.5568
302.55817
302.55587
302.55724
302.55508
302.55644
302.55442
302.55575
302.55386
302.55516
302.55341
302.55467
302.55306
302.55428
302.55281
302.55399
302.55267
302.55381
302.55264
302.55374
302.55272
302.5538
302.55294
302.55399
302.5533
302.55433
302.55381
302.55483
302.55448
302.5555
302.55533
302.55635
302.58865
302.5874
302.5757
302.57356
302.56834
302.56787
302.56395
302.56428
302.56102
302.56173
302.55883
302.55976
302.55711
302.55816
302.55571
302.55684
302.55454
302.55571
302.55356
302.55475
302.55273
302.55391
302.55202
302.55319
302.55142
302.55257
302.55091
302.55204
302.5505
302.55159
302.55018
302.55124
302.54995
302.55097
302.54981
302.5508
302.54977
302.55073
302.54984
302.55076
302.55001
302.55092
302.55031
302.5512
302.55075
302.55163
302.55132
302.5522
302.55205
302.55293
302.58665
302.58241
302.5706
302.56827
302.56354
302.56297
302.55952
302.55972
302.55688
302.55744
302.55493
302.5557
302.5534
302.55429
302.55216
302.55312
302.55113
302.55213
302.55027
302.55127
302.54953
302.55054
302.54891
302.54991
302.54838
302.54936
302.54793
302.54889
302.54757
302.5485
302.54729
302.54818
302.54708
302.54795
302.54695
302.54779
302.54691
302.54772
302.54695
302.54774
302.5471
302.54787
302.54735
302.5481
302.54771
302.54846
302.5482
302.54894
302.54881
302.54957
302.58399
302.57636
302.56494
302.56261
302.55846
302.55788
302.55491
302.55504
302.55262
302.55306
302.55093
302.55156
302.54962
302.55035
302.54856
302.54935
302.54767
302.5485
302.54693
302.54777
302.5463
302.54714
302.54576
302.5466
302.54531
302.54613
302.54493
302.54573
302.54462
302.54539
302.54437
302.54512
302.54419
302.54492
302.54408
302.54478
302.54403
302.54471
302.54407
302.54473
302.54419
302.54483
302.54439
302.54502
302.54469
302.54531
302.54509
302.54572
302.54561
302.54624
302.58041
302.56925
302.55879
302.55665
302.55317
302.55263
302.55018
302.55025
302.54827
302.54861
302.54687
302.54737
302.54578
302.54636
302.5449
302.54554
302.54417
302.54484
302.54356
302.54424
302.54304
302.54372
302.5426
302.54327
302.54222
302.54289
302.54191
302.54255
302.54165
302.54228
302.54144
302.54205
302.54129
302.54188
302.5412
302.54177
302.54116
302.54171
302.54119
302.54172
302.54128
302.5418
302.54144
302.54195
302.54168
302.54219
302.54201
302.54251
302.54243
302.54293
302.57549
302.56116
302.55228
302.55048
302.54773
302.54728
302.54536
302.5454
302.54386
302.54411
302.54276
302.54313
302.5419
302.54235
302.54122
302.5417
302.54064
302.54116
302.54016
302.54069
302.53976
302.54028
302.53941
302.53993
302.53912
302.53963
302.53887
302.53937
302.53867
302.53916
302.53851
302.53898
302.53839
302.53885
302.53832
302.53875
302.53829
302.53871
302.5383
302.53871
302.53837
302.53877
302.5385
302.53889
302.53868
302.53907
302.53894
302.53932
302.53926
302.53965
302.56854
302.55228
302.54552
302.54418
302.5422
302.54186
302.54049
302.54051
302.5394
302.53958
302.53862
302.53888
302.538
302.53832
302.53751
302.53786
302.5371
302.53746
302.53676
302.53713
302.53646
302.53684
302.53622
302.53659
302.53601
302.53637
302.53583
302.53619
302.53569
302.53603
302.53557
302.5359
302.53549
302.53581
302.53543
302.53574
302.53541
302.53571
302.53542
302.53571
302.53547
302.53575
302.53556
302.53584
302.53569
302.53597
302.53587
302.53615
302.5361
302.53638
302.55826
302.54284
302.53863
302.53781
302.53661
302.53641
302.53559
302.5356
302.53493
302.53504
302.53446
302.53462
302.53409
302.53428
302.53379
302.534
302.53355
302.53376
302.53334
302.53356
302.53317
302.53339
302.53302
302.53324
302.53289
302.53311
302.53278
302.533
302.5327
302.5329
302.53263
302.53283
302.53258
302.53277
302.53254
302.53273
302.53253
302.53271
302.53254
302.53271
302.53257
302.53274
302.53262
302.53279
302.5327
302.53286
302.53281
302.53297
302.53294
302.53311
302.5421
302.53311
302.53169
302.53141
302.53101
302.53095
302.53067
302.53067
302.53045
302.53049
302.5303
302.53035
302.53017
302.53024
302.53007
302.53014
302.52999
302.53006
302.52992
302.53
302.52986
302.52994
302.52981
302.52989
302.52977
302.52985
302.52974
302.52981
302.52971
302.52978
302.52968
302.52975
302.52967
302.52973
302.52966
302.52972
302.52965
302.52971
302.52965
302.52971
302.52966
302.52972
302.52968
302.52974
302.52971
302.52976
302.52974
302.5298
302.52979
302.52985
)
;

boundaryField
{
    inlet
    {
        type            fixedValue;
        value           uniform 302.6;
    }
    outlet
    {
        type            zeroGradient;
    }
    wall_membrane
    {
        type            groovyBC;
        refValue        nonuniform List<scalar> 
50
(
312.4206
312.4466
312.4726
312.49861
312.52461
312.55061
312.57662
312.60262
312.62863
312.65463
312.68063
312.70664
312.73264
312.75864
312.78465
312.81065
312.83666
312.86266
312.88866
312.91467
312.94067
312.96667
312.99268
313.01868
313.04469
313.07069
313.09669
313.1227
313.1487
313.1747
313.20071
313.22671
313.25272
313.27872
313.30472
313.33073
313.35673
313.38273
313.40874
313.43474
313.46075
313.48675
313.51275
313.53876
313.56476
313.59077
313.61677
313.64277
313.66878
313.69478
)
;
        refGradient     uniform 0;
        valueFraction   uniform 1;
        source          uniform 0;
        value           nonuniform List<scalar> 
50
(
312.4206
312.4466
312.4726
312.49861
312.52461
312.55061
312.57662
312.60262
312.62863
312.65463
312.68063
312.70664
312.73264
312.75864
312.78465
312.81065
312.83666
312.86266
312.88866
312.91467
312.94067
312.96667
312.99268
313.01868
313.04469
313.07069
313.09669
313.1227
313.1487
313.1747
313.20071
313.22671
313.25272
313.27872
313.30472
313.33073
313.35673
313.38273
313.40874
313.43474
313.46075
313.48675
313.51275
313.53876
313.56476
313.59077
313.61677
313.64277
313.66878
313.69478
)
;
        valueExpression "Tm";
        gradientExpression "0";
        fractionExpression "1";
        evaluateDuringConstruction 0;
        cyclicSlave     0;
        variables       
12
(
"T_a=302.6;"
"L=0.15;"
"Tp_in=337.2;"
"Tp_out=333.15;"
"T_p=Tp_out-(Tp_out-Tp_in)/L*pos().x;"
"delta_mem=0.0001;"
"lambda_mem=0.053;"
"lambda_alim=0.62;"
"delta_alim=0.001;"
"h_agua=656;"
"h_ef=(lambda_alim/delta_alim)*(1/h_agua+delta_mem/lambda_mem);"
"Tm=((Tp_out-(Tp_out-Tp_in)/L*pos().x)+h_ef*T_a)/(1+h_ef);"
)
;
        timelines       (
);
        lookuptables    (
);
        lookuptables2D  (
);
    }
    wall_up
    {
        type            groovyBC;
        refValue        uniform 302.52821;
        refGradient     uniform 0;
        valueFraction   uniform 1;
        source          uniform 0;
        value           uniform 302.52821;
        valueExpression "T_m";
        gradientExpression "0";
        fractionExpression "1";
        evaluateDuringConstruction 0;
        cyclicSlave     0;
        variables       
10
(
"T_a=302.6;"
"Text=298;"
"L=0.15;"
"delta_ext=0.0261;"
"lambda_ext=15;"
"lambda_alim=0.62;"
"delta_alim=0.001;"
"h_ext=10;"
"h_ef=lambda_alim/delta_alim*(1/h_ext+delta_ext/lambda_ext);"
"T_m=(Text+h_ef*T_a)/(1+h_ef);"
)
;
        timelines       (
);
        lookuptables    (
);
        lookuptables2D  (
);
    }
    sides
    {
        type            empty;
    }
}


// ************************************************************************* //
