/*--------------------------------*- C++ -*----------------------------------*\
| =========                 |                                                 |
| \\      /  F ield         | OpenFOAM: The Open Source CFD Toolbox           |
|  \\    /   O peration     | Version:  2312                                  |
|   \\  /    A nd           | Website:  www.openfoam.com                      |
|    \\/     M anipulation  |                                                 |
\*---------------------------------------------------------------------------*/
FoamFile
{
    version     2.0;
    format      ascii;
    arch        "LSB;label=32;scalar=64";
    class       volScalarField;
    location    "10";
    object      T;
}
// * * * * * * * * * * * * * * * * * * * * * * * * * * * * * * * * * * * * * //

dimensions      [0 0 0 1 0 0 0];

internalField   nonuniform List<scalar> 
4000
(
330.1975
328.93464
328.69283
328.63125
328.55896
328.51296
328.46878
328.43104
328.39469
328.36203
328.3292
328.29913
328.26849
328.23991
328.2108
328.1832
328.15523
328.1283
328.1012
328.07476
328.04835
328.02226
327.99641
327.97059
327.94521
327.91959
327.89461
327.86915
327.8445
327.81916
327.79482
327.76956
327.74549
327.72029
327.69647
327.67131
327.64771
327.62257
327.59919
327.57404
327.55088
327.5257
327.50276
327.47751
327.45482
327.42945
327.40706
327.38147
327.35956
327.33311
332.35485
330.31017
329.64128
329.50185
329.33169
329.23977
329.15345
329.08634
329.02348
328.97159
328.91927
328.87515
328.82937
328.78976
328.74858
328.71188
328.6741
328.63942
328.60426
328.57103
328.53794
328.50578
328.47437
328.44302
328.41301
328.38228
328.35345
328.32318
328.29538
328.26546
328.23856
328.20891
328.18281
328.15334
328.12798
328.09862
328.07395
328.04464
328.02063
327.9913
327.96794
327.93851
327.91582
327.8862
327.86424
327.83426
327.8132
327.78254
327.76293
327.7298
333.68658
331.63283
330.582
330.36658
330.10111
329.96382
329.83597
329.73966
329.6506
329.57953
329.50794
329.44977
329.38902
329.33835
329.28521
329.2394
329.19191
329.14946
329.10632
329.06628
329.02657
328.98833
328.95141
328.91451
328.87992
328.84404
328.81142
328.77632
328.74539
328.71089
328.68146
328.64739
328.61931
328.58555
328.55868
328.52511
328.49939
328.46591
328.44128
328.40776
328.38422
328.35054
328.3281
328.2941
328.27288
328.23829
328.21856
328.18285
328.16552
328.12598
334.56821
332.85757
331.50133
331.21715
330.86205
330.68117
330.51333
330.3884
330.2739
330.18387
330.0935
330.02136
329.94599
329.8843
329.81948
329.76455
329.70757
329.65732
329.60637
329.55951
329.51333
329.46897
329.42667
329.38419
329.34512
329.30408
329.26774
329.2278
329.19383
329.15471
329.12282
329.08433
329.0543
329.01624
328.98792
328.95012
328.92339
328.88572
328.86051
328.82279
328.7991
328.76116
328.73901
328.70061
328.68016
328.64096
328.62258
328.58183
328.56673
328.52117
335.17853
333.94424
332.38145
332.04237
331.60737
331.38646
331.18132
331.02904
330.89044
330.78196
330.67364
330.58782
330.49841
330.42583
330.34977
330.28579
330.21966
330.16166
330.10318
330.0495
329.99707
329.9466
329.8991
329.85105
329.80765
329.76144
329.72152
329.67672
329.63981
329.59608
329.56182
329.51889
329.48701
329.44463
329.41493
329.3729
329.34523
329.30336
329.27763
329.23571
329.2119
329.16971
329.14788
329.10511
329.08544
329.04165
329.0246
328.97889
328.96589
328.91478
335.61482
334.86848
333.20385
332.82913
332.32842
332.0731
331.83477
331.65727
331.49656
331.3706
331.24556
331.14656
331.04398
330.96081
330.87414
330.80131
330.72651
330.66087
330.59524
330.53482
330.47645
330.41992
330.36748
330.31388
330.26637
330.21502
330.17169
330.12206
330.08236
330.03403
329.99754
329.95018
329.91655
329.86988
329.83888
329.79264
329.76409
329.71805
329.69186
329.64576
329.62189
329.57546
329.55398
329.50687
329.488
329.43969
329.42394
329.37339
329.36232
329.30616
335.93334
335.61838
333.95178
333.56379
333.01584
332.73373
332.46778
332.26817
332.08808
331.94607
331.80601
331.69465
331.58005
331.4868
331.39037
331.309
331.22618
331.15313
331.08085
331.01386
330.94996
330.88748
330.83043
330.77137
330.72002
330.66359
330.6171
330.56268
330.5204
330.46751
330.42894
330.3772
330.34197
330.29103
330.25886
330.20844
330.17912
330.12894
330.10236
330.05213
330.02826
329.97765
329.95656
329.90517
329.8871
329.83435
329.81986
329.76465
329.75528
329.69458
336.1703
336.19728
334.61306
334.23378
333.66037
333.36071
333.07405
332.85643
332.66041
332.50437
332.3514
332.22884
332.10369
332.0011
331.89598
331.80657
331.71655
331.63644
331.55816
331.48484
331.41592
331.34769
331.28643
331.22208
331.16723
331.10585
331.05646
330.99737
330.95273
330.89538
330.85493
330.79889
330.76221
330.7071
330.67388
330.61936
330.58938
330.53513
330.50826
330.45396
330.43015
330.37545
330.35478
330.29922
330.28194
330.2249
330.2116
330.15195
330.14405
330.07928
336.35
336.61941
335.18088
334.82931
334.25381
333.94669
333.64733
333.41667
333.20883
333.04129
332.87798
332.74574
332.61182
332.50087
332.38835
332.29159
332.19535
332.10866
332.02514
331.94587
331.87254
331.79884
331.73389
331.66445
331.60652
331.54036
331.48843
331.42481
331.3781
331.31642
331.27434
331.21411
331.17619
331.117
331.08291
331.02439
330.99387
330.93567
330.9086
330.85035
330.82667
330.768
330.74778
330.6882
330.6717
330.61056
330.59835
330.53455
330.52785
330.45947
336.48935
336.90738
335.65442
335.34464
334.78966
334.48525
334.18181
333.94372
333.72869
333.55268
333.38198
333.24192
333.10127
332.9832
332.86479
332.76155
332.66023
332.5676
332.47974
332.39499
332.31796
332.23918
332.1711
332.09689
332.03634
331.96568
331.91158
331.84366
331.7952
331.72939
331.68593
331.62169
331.58275
331.51965
331.48486
331.42249
331.39159
331.32958
331.30242
331.24038
331.2169
331.15442
331.13468
331.07127
331.05553
330.99051
330.97928
330.91167
330.90591
330.83434
336.60053
337.08814
336.03798
335.77862
335.26361
334.97132
334.67258
334.43301
334.21571
334.03463
333.85979
333.71404
333.56895
333.44522
333.32261
333.21393
333.10882
333.01104
332.91983
332.83022
332.7503
332.66691
332.59635
332.51777
332.45513
332.38028
332.32447
332.25253
332.20268
332.13298
332.08845
332.02044
331.98071
331.91391
331.87862
331.81261
331.78148
331.71585
331.68871
331.62308
331.59987
331.5338
331.51458
331.44756
331.43254
331.36393
331.35357
331.28251
331.27747
331.20308
336.6918
337.18935
336.34031
336.13431
335.67381
335.40172
335.11592
334.88078
334.66624
334.48369
334.30811
334.15904
334.01195
333.88422
333.75923
333.64632
333.53882
333.43681
333.34336
333.2496
333.16766
333.08025
333.00793
332.92545
332.86132
332.78269
332.72564
332.65003
332.59919
332.52592
332.48064
332.40913
332.36889
332.29865
332.26308
332.19367
332.16247
332.09348
332.06649
331.99751
331.97464
331.90523
331.88654
331.8162
331.80186
331.73
331.72037
331.64625
331.64174
331.56489
336.76926
337.23682
336.5727
336.41809
336.02098
335.77529
335.50966
335.28443
335.07743
334.89706
334.72418
334.57426
334.42771
334.29775
334.1723
334.0565
333.94809
333.84288
333.74836
333.65128
333.56827
333.4775
333.40418
333.31836
333.25336
333.17143
333.11366
333.03479
332.9834
332.90692
332.86125
332.78657
332.74612
332.67275
332.63712
332.56461
332.53353
332.46146
332.43474
332.3627
332.34026
332.26781
332.24967
332.17633
332.16263
332.08786
332.07886
332.00209
331.99794
331.91896
336.83664
337.25181
336.74766
336.63874
336.30829
336.09304
335.85321
335.64261
335.44749
335.27276
335.10586
334.95759
334.81407
334.68374
334.55976
334.4425
334.33469
334.22741
334.13303
334.03353
333.95043
333.85705
333.78355
333.69502
333.6298
333.54512
333.48717
333.40552
333.35403
333.27476
333.22907
333.15161
333.11124
333.0351
332.99967
332.9244
332.89362
332.8188
332.79249
332.71772
332.69578
332.62063
332.60307
332.52709
332.514
332.43671
332.42823
332.34922
332.34532
332.26454
336.89673
337.25068
336.87744
336.80629
336.54094
336.35788
336.14764
335.95533
335.7757
335.60972
335.45181
335.30754
335.16944
335.04058
334.91995
334.80268
334.697
334.58882
334.49581
334.39485
334.31266
334.21747
334.1446
334.05405
333.98931
333.90246
333.8449
333.761
333.70986
333.62828
333.58297
333.50316
333.46319
333.38468
333.34969
333.27205
333.24175
333.16457
333.1388
333.06167
333.04031
332.96284
332.94588
332.86765
332.85513
332.77574
332.7677
332.68686
332.68313
332.60088
336.95099
337.24429
336.97324
336.93108
336.72555
336.57432
336.39548
336.22392
336.06252
335.90783
335.76147
335.62335
335.49283
335.36718
335.25169
335.13584
335.03374
334.92583
334.83539
334.73397
334.65367
334.55753
334.48611
334.39426
334.33067
334.2423
334.1857
334.10011
334.04981
333.96644
333.92188
333.8402
333.80095
333.72052
333.68622
333.60662
333.57702
333.49787
333.47278
333.3937
333.37301
333.29362
333.2773
333.19723
333.18526
333.10419
333.09653
333.01426
333.01066
332.92725
337.00061
337.23927
337.04449
337.02288
336.86951
336.74798
336.60052
336.45087
336.30944
336.16796
336.03516
335.90499
335.78389
335.66304
335.55428
335.4412
335.34403
335.23756
335.15082
335.04991
334.97247
334.87622
334.80705
334.71465
334.6529
334.56366
334.50859
334.42191
334.37292
334.28829
334.24488
334.16184
334.12362
334.04174
334.00839
333.9273
333.89857
333.8179
333.79363
333.71302
333.69309
333.61222
333.59655
333.51509
333.50365
333.42134
333.41401
333.33072
333.32723
333.24301
337.04612
337.23853
337.09878
337.09032
336.9803
336.88507
336.7674
336.63962
336.51893
336.39183
336.27398
336.15315
336.04296
335.92824
335.82757
335.71848
335.62744
335.52347
335.44147
335.34204
335.26833
335.17282
335.10666
335.01446
334.95517
334.86575
334.81274
334.7256
334.67837
334.59305
334.55118
334.46729
334.43042
334.34759
334.31543
334.23331
334.20566
334.12392
334.10061
334.01893
333.99984
333.91793
333.90297
333.82056
333.80964
333.72652
333.71952
333.63561
333.63222
333.54753
337.08806
337.24289
337.14173
337.14054
337.06496
336.99191
336.90129
336.79429
336.69416
336.58189
336.47974
336.36921
336.27095
336.16343
336.07192
335.96787
335.88395
335.78348
335.7071
335.61004
335.54085
335.44689
335.38442
335.29317
335.23694
335.148
335.09757
335.01057
334.96553
334.8801
334.84011
334.75592
334.72069
334.63742
334.6067
334.52404
334.49765
334.41532
334.39309
334.31082
334.29264
334.21016
334.19594
334.11303
334.10266
334.01916
334.01248
333.92834
333.92507
333.84027
337.12669
337.25172
337.17737
337.17908
337.12978
337.07453
337.0075
336.91938
336.83883
336.74117
336.65486
336.55509
336.46936
336.3698
336.2882
336.19002
336.114
336.01785
335.94785
335.85396
335.78996
335.6983
335.64012
335.55051
335.49787
335.41007
335.36266
335.27641
335.23395
335.14899
335.11121
335.02726
334.99394
334.91075
334.88169
334.79899
334.77402
334.69158
334.67057
334.58815
334.57099
334.48839
334.47496
334.392
334.38219
334.29874
334.29239
334.20842
334.20528
334.12072
337.16231
337.26391
337.20832
337.21004
337.18
337.13836
337.09112
337.01946
336.95691
336.87307
336.80215
336.71319
336.64015
336.54897
336.47771
336.38601
336.31843
336.22728
336.1642
336.07416
336.0159
335.92721
335.87382
335.78649
335.73788
335.65183
335.60785
335.52293
335.4834
335.39945
335.36419
335.281
335.24984
335.16722
335.14002
335.05777
335.03439
334.95232
334.93264
334.85055
334.83447
334.75221
334.73962
334.65704
334.64783
334.56484
334.55885
334.47543
334.47245
334.3885
337.19517
337.27824
337.23618
337.2362
337.21982
337.18804
337.15684
337.09896
337.05239
336.98115
336.92472
336.84622
336.78561
336.70294
336.64212
336.55727
336.49842
336.41276
336.35698
336.27135
336.21922
336.13406
336.08585
336.00137
335.95716
335.87341
335.83319
335.75014
335.71383
335.63141
335.59891
335.51699
335.48821
335.40666
335.38149
335.30017
335.27851
335.19727
335.17902
335.09772
335.0828
335.00131
334.98962
334.90785
334.89926
334.81714
334.81153
334.72904
334.72623
334.64325
337.2255
337.2937
337.26186
337.25938
337.2524
337.22735
337.20871
337.16193
337.12911
337.06895
337.02576
336.95705
336.90829
336.83396
336.7834
336.70555
336.65546
336.57562
336.52731
336.4465
336.40074
336.31958
336.27681
336.19566
336.15612
336.07517
336.03895
335.95826
335.9254
335.84499
335.81546
335.73529
335.70906
335.62904
335.60605
335.5261
335.50628
335.42631
335.40959
335.3295
335.31581
335.23552
335.22477
335.1442
335.13629
335.05541
335.05021
334.969
334.9664
334.88473
337.25356
337.30956
337.28585
337.28065
337.28001
337.25922
337.25013
337.21192
337.1906
337.13987
337.10843
337.0486
337.01084
336.94444
336.90371
336.83277
336.79129
336.7174
336.67655
336.60083
336.56153
336.48471
336.44753
336.3701
336.33539
336.25764
336.2256
336.14771
336.11846
336.04049
336.01409
335.93608
335.91253
335.83447
335.81377
335.73562
335.71774
335.63945
335.62434
335.54587
335.53346
335.45475
335.44499
335.36601
335.3588
335.27953
335.27477
335.19519
335.1928
335.1128
337.27955
337.32531
337.30836
337.3006
337.30419
337.28585
337.2838
337.25195
337.23996
337.197
337.17573
337.12372
337.09589
337.03685
337.00528
336.94102
336.90776
336.83981
336.80625
336.73574
336.70284
336.6306
336.59902
336.52561
336.49579
336.42159
336.39382
336.31907
336.29353
336.21838
336.19519
336.11973
336.09896
336.02324
336.00491
335.92894
335.91305
335.83684
335.82338
335.7469
335.73582
335.65906
335.65032
335.57328
335.5668
335.48947
335.48518
335.40755
335.40539
335.32736
337.30369
337.3407
337.32948
337.3195
337.32593
337.30879
337.31181
337.28448
337.27985
337.24308
337.23037
337.18508
337.16601
337.11361
337.0904
337.03242
337.00686
336.94468
336.91807
336.85279
336.82609
336.75855
336.73247
336.66329
336.63832
336.56792
336.54441
336.4731
336.45129
336.37928
336.35934
336.28676
336.2688
336.19576
336.17984
336.1064
336.09254
336.01873
336.00695
335.9328
335.92308
335.8486
335.8409
335.76611
335.76039
335.68531
335.68151
335.60612
335.60421
335.52845
337.32614
337.35556
337.34927
337.33746
337.34584
337.32909
337.33568
337.3114
337.31244
337.28045
337.27477
337.2351
337.22356
337.17703
337.16127
337.10906
337.09056
337.03386
337.01376
336.95359
336.9328
336.86997
336.8492
336.78433
336.7641
336.69766
336.67835
336.61068
336.59257
336.52394
336.50723
336.43781
336.42265
336.35258
336.33907
336.26844
336.25663
336.18552
336.17543
336.1039
336.09555
336.02363
336.017
335.94474
335.93979
335.86722
335.86393
335.79105
335.7894
335.71616
337.34707
337.36983
337.36775
337.35448
337.36426
337.34744
337.35649
337.33418
337.33946
337.31105
337.31099
337.2759
337.27069
337.22924
337.21996
337.17298
337.16078
337.10922
337.09507
337.03982
337.02453
336.96634
336.95057
336.89005
336.87434
336.81196
336.7967
336.73282
336.71831
336.65323
336.63969
336.57362
336.56123
336.49434
336.48321
336.41563
336.40585
336.33768
336.32928
336.26061
336.25363
336.18452
336.17895
336.10946
336.10529
336.03547
336.03269
335.96256
335.96116
335.8907
337.3666
337.38351
337.38499
337.37057
337.38139
337.36426
337.375
337.35387
337.36223
337.33644
337.34075
337.30932
337.3093
337.27216
337.2684
337.22604
337.21938
337.17253
337.16372
337.11311
337.10285
337.04914
337.03803
336.98179
336.97033
336.91202
336.9006
336.84059
336.82952
336.76811
336.75762
336.69505
336.68533
336.6218
336.61299
336.54865
336.54083
336.47581
336.46906
336.40346
336.39781
336.33172
336.32719
336.26069
336.25728
336.19042
336.18815
336.12096
336.11982
336.05231
337.38486
337.3966
337.40102
337.38571
337.39732
337.37979
337.39167
337.3712
337.38176
337.35781
337.36545
337.33688
337.34101
337.30746
337.3083
337.26997
337.26806
337.22546
337.22135
337.17505
337.1693
337.11986
337.11299
337.06091
337.05337
336.99908
336.99124
336.93511
336.92727
336.86959
336.86199
336.80301
336.79584
336.73578
336.72919
336.66821
336.6623
336.60056
336.59541
336.53303
336.52868
336.46576
336.46225
336.39888
336.39624
336.33248
336.33071
336.26663
336.26574
336.20136
337.40194
337.40909
337.4159
337.39989
337.4121
337.39417
337.40681
337.38668
337.39875
337.37608
337.38617
337.35982
337.36717
337.33657
337.34114
337.3063
337.30836
337.26956
337.26949
337.22715
337.22537
337.17993
337.17685
337.12875
337.12476
337.07439
337.06983
337.01752
337.01267
336.95872
336.95381
336.89846
336.89368
336.83715
336.83265
336.77513
336.77102
336.71267
336.70903
336.64998
336.64687
336.58724
336.58471
336.52459
336.52267
336.46215
336.46087
336.40002
336.39936
336.33822
337.41793
337.421
337.42967
337.4131
337.42575
337.40748
337.42061
337.40065
337.4137
337.39192
337.40375
337.3791
337.38889
337.3607
337.36822
337.33634
337.34166
337.30622
337.30955
337.2708
337.27242
337.2307
337.23094
337.1866
337.18578
337.13917
337.13756
337.08898
337.08685
337.03657
337.03412
336.98239
336.97981
336.92683
336.92427
336.87024
336.86781
336.81289
336.81068
336.75501
336.75309
336.6968
336.69521
336.63842
336.63719
336.57998
336.57915
336.52161
336.52119
336.46338
337.43288
337.43231
337.44236
337.42534
337.43826
337.41973
337.43316
337.4133
337.42696
337.40582
337.41883
337.39548
337.40705
337.38083
337.3906
337.36124
337.36915
337.33664
337.34276
337.30724
337.31173
337.27343
337.27651
337.2357
337.23763
337.19459
337.19559
337.1506
337.15089
337.10419
337.10397
337.05578
337.0552
337.00574
337.00495
336.9544
336.95351
336.90204
336.90114
336.84889
336.84805
336.79515
336.79442
336.74099
336.74041
336.68656
336.68616
336.63198
336.63177
336.57733
337.44684
337.44296
337.45398
337.43657
337.44965
337.43094
337.44452
337.42476
337.43876
337.4181
337.43186
337.40954
337.42235
337.39773
337.40917
337.38194
337.39185
337.3619
337.37025
337.33761
337.34444
337.30925
337.31472
337.27718
337.28145
337.24178
337.24503
337.20346
337.20588
337.16262
337.16436
337.11962
337.12083
337.0748
337.07561
337.02848
337.02899
336.98092
336.98122
336.93236
336.93251
336.88299
336.88305
336.83299
336.833
336.78251
336.78251
336.73168
336.73168
336.68061
337.45979
337.45291
337.46449
337.44679
337.4599
337.4411
337.45473
337.4351
337.44925
337.429
337.44318
337.4217
337.43531
337.41203
337.42464
337.39921
337.41062
337.38288
337.39295
337.36287
337.37157
337.3392
337.34661
337.31208
337.31829
337.28176
337.28692
337.24858
337.25281
337.21283
337.21627
337.17485
337.17762
337.13493
337.13714
337.09335
337.09509
337.05037
337.05173
337.0062
337.00724
336.96105
336.96183
336.91509
336.91564
336.86848
336.86884
336.82135
336.82152
336.77381
337.47169
337.46203
337.47387
337.45596
337.46899
337.45022
337.4638
337.44438
337.45852
337.43867
337.45303
337.43228
337.44635
337.4242
337.43758
337.4137
337.42615
337.40035
337.41169
337.38388
337.39401
337.36418
337.37311
337.34133
337.34912
337.3155
337.32221
337.28689
337.29264
337.25577
337.26064
337.22238
337.22648
337.18699
337.1904
337.14985
337.15266
337.11117
337.11346
337.07119
337.07301
337.03007
337.03147
336.988
336.98903
336.94513
336.9458
336.90159
336.90192
336.8575
337.48235
337.4702
337.48205
337.46403
337.47693
337.45828
337.47176
337.45262
337.46666
337.44722
337.46158
337.4415
337.45576
337.43461
337.44843
337.4259
337.43902
337.41492
337.42714
337.40134
337.41252
337.38497
337.39506
337.36577
337.37478
337.34383
337.35179
337.31928
337.32624
337.29229
337.29833
337.26307
337.26826
337.23182
337.23625
337.19877
337.20249
337.16412
337.1672
337.12806
337.13055
337.09077
337.09271
337.05241
337.05384
337.01312
337.01406
336.97304
336.97351
336.93229
337.49148
337.47725
337.48897
337.47098
337.48371
337.4653
337.47863
337.45985
337.47371
337.45474
337.46897
337.44952
337.46379
337.44353
337.45753
337.43621
337.4497
337.4271
337.43987
337.41586
337.42775
337.40224
337.41315
337.38613
337.39604
337.36753
337.37643
337.34652
337.35443
337.32319
337.33016
337.29769
337.30377
337.27021
337.27545
337.2409
337.24536
337.20997
337.21369
337.17756
337.1806
337.14385
337.14624
337.10898
337.11075
337.0731
337.07427
337.03633
337.03691
336.99879
337.49873
337.48302
337.4946
337.4768
337.48935
337.47128
337.48443
337.46611
337.47974
337.46128
337.47529
337.45648
337.47061
337.45119
337.46517
337.44493
337.45855
337.43729
337.45034
337.42793
337.44023
337.41656
337.428
337.40302
337.41355
337.38727
337.39684
337.3693
337.37791
337.34917
337.35684
337.32698
337.33374
337.30286
337.30874
337.27695
337.282
337.24941
337.25365
337.22037
337.22385
337.18998
337.19274
337.15838
337.16043
337.1257
337.12706
337.09206
337.09274
337.05757
337.50382
337.48743
337.49894
337.4815
337.49388
337.47628
337.48922
337.47143
337.4848
337.4669
337.48063
337.46248
337.47635
337.45775
337.47156
337.45231
337.46586
337.44582
337.45892
337.43794
337.45042
337.4284
337.44012
337.41699
337.42787
337.40362
337.41361
337.38824
337.39732
337.37088
337.37903
337.35159
337.35882
337.33045
337.33679
337.30758
337.31306
337.2831
337.28774
337.25713
337.26096
337.2298
337.23284
337.20123
337.2035
337.17154
337.17305
337.14084
337.14159
337.10923
337.50675
337.49051
337.50203
337.48515
337.49738
337.48034
337.49305
337.47587
337.48894
337.47167
337.48506
337.46759
337.48114
337.46332
337.47684
337.45853
337.47187
337.45294
337.46592
337.44624
337.45869
337.43814
337.44993
337.42846
337.43949
337.41706
337.42727
337.40387
337.41321
337.38888
337.39732
337.37209
337.37963
337.35357
337.36022
337.33339
337.33916
337.31166
337.31657
337.28847
337.29253
337.26392
337.26716
337.23814
337.24055
337.21121
337.21282
337.18324
337.18405
337.15433
337.50781
337.49237
337.50402
337.48782
337.49991
337.48353
337.496
337.47948
337.49224
337.47564
337.48865
337.4719
337.48505
337.46802
337.48117
337.46375
337.47676
337.45886
337.47156
337.45306
337.46532
337.44611
337.45779
337.43782
337.44881
337.42803
337.43826
337.41665
337.42607
337.40365
337.41221
337.389
337.39669
337.37274
337.37956
337.35493
337.36087
337.33563
337.3407
337.31492
337.31913
337.2929
337.29626
337.26964
337.27216
337.24525
337.24693
337.2198
337.22065
337.1934
337.50754
337.49327
337.50505
337.48964
337.5016
337.48594
337.49815
337.48234
337.49476
337.47887
337.49149
337.47545
337.48818
337.47192
337.48464
337.46807
337.48066
337.46372
337.47604
337.45862
337.47055
337.45256
337.46397
337.44535
337.45615
337.43685
337.44695
337.42695
337.43629
337.4156
337.42414
337.40276
337.41046
337.38845
337.3953
337.37268
337.37867
337.35551
337.36065
337.33701
337.34128
337.31723
337.32065
337.29626
337.29883
337.27418
337.27589
337.25105
337.2519
337.22695
337.50651
337.49347
337.50532
337.49075
337.50255
337.48765
337.49959
337.48453
337.49659
337.48143
337.49363
337.47833
337.4906
337.47511
337.48733
337.47159
337.48369
337.46764
337.4795
337.46306
337.47456
337.45767
337.46871
337.4513
337.46177
337.44381
337.45364
337.4351
337.44423
337.4251
337.43347
337.41376
337.42135
337.40108
337.40785
337.38707
337.39301
337.37175
337.37686
337.35518
337.35944
337.3374
337.34082
337.31848
337.32104
337.29847
337.30018
337.27744
337.2783
337.25546
337.50514
337.49321
337.50502
337.49129
337.5029
337.48878
337.50042
337.48611
337.49781
337.48338
337.49515
337.48059
337.49236
337.47763
337.48933
337.47438
337.48593
337.47072
337.48204
337.46651
337.4775
337.4616
337.47216
337.45585
337.46589
337.44913
337.45859
337.44134
337.45016
337.43242
337.44053
337.42232
337.42968
337.411
337.4176
337.39847
337.40427
337.38474
337.38974
337.36985
337.37403
337.35382
337.35718
337.33671
337.33923
337.31856
337.32025
337.29943
337.30028
337.27938
337.50368
337.49268
337.50431
337.49138
337.50275
337.48941
337.50072
337.48717
337.49848
337.48479
337.4961
337.48228
337.49354
337.47954
337.49068
337.47648
337.48745
337.47302
337.48374
337.46905
337.47946
337.46446
337.47447
337.45914
337.46868
337.45298
337.46198
337.4459
337.4543
337.43782
337.44557
337.4287
337.43576
337.41849
337.42483
337.4072
337.41279
337.39482
337.39965
337.38136
337.38541
337.36686
337.37012
337.35135
337.3538
337.33485
337.33649
337.31742
337.31825
337.29911
337.50223
337.49201
337.50332
337.49114
337.50221
337.48964
337.50059
337.48779
337.49868
337.48573
337.49655
337.48345
337.49416
337.48088
337.49142
337.47794
337.48828
337.47458
337.48467
337.47074
337.48051
337.46633
337.47573
337.46128
337.47024
337.4555
337.46397
337.44892
337.45684
337.44148
337.4488
337.43312
337.43981
337.42381
337.42983
337.41353
337.41885
337.40227
337.40688
337.39005
337.39391
337.37686
337.37997
337.36274
337.36508
337.3477
337.34927
337.33178
337.33257
337.31502
337.50079
337.49127
337.50214
337.49067
337.50138
337.48954
337.5001
337.48803
337.49848
337.48624
337.49656
337.48414
337.49428
337.48167
337.49159
337.47877
337.48845
337.47543
337.48483
337.4716
337.4807
337.46725
337.47599
337.46233
337.47066
337.45677
337.46466
337.45053
337.45791
337.44354
337.45038
337.43576
337.44202
337.42715
337.4328
337.41769
337.42269
337.40737
337.4117
337.39617
337.39981
337.38411
337.38704
337.37118
337.3734
337.35742
337.35891
337.34285
337.34359
337.32748
337.49935
337.49049
337.50084
337.49002
337.50032
337.48919
337.49933
337.48796
337.49793
337.48637
337.49615
337.48438
337.49392
337.48193
337.4912
337.47899
337.48798
337.47556
337.48426
337.47165
337.48004
337.46725
337.47529
337.46233
337.47
337.45687
337.46413
337.45081
337.45762
337.44413
337.45044
337.43676
337.44255
337.42869
337.43392
337.41987
337.42452
337.4103
337.41433
337.39996
337.40336
337.38885
337.39159
337.37696
337.37903
337.36431
337.3657
337.35091
337.35161
337.33677
337.4979
337.4897
337.49946
337.48925
337.4991
337.48864
337.49832
337.48761
337.49708
337.48615
337.49536
337.48419
337.49309
337.48166
337.49024
337.47858
337.48684
337.47497
337.48293
337.47088
337.47853
337.46633
337.47365
337.46131
337.46829
337.45582
337.46243
337.44984
337.45604
337.44332
337.44908
337.43623
337.44152
337.42855
337.43334
337.42023
337.42449
337.41127
337.41497
337.40163
337.40475
337.39131
337.39384
337.38031
337.38222
337.36862
337.3699
337.35625
337.35689
337.3432
337.49642
337.4889
337.49801
337.48839
337.49776
337.48793
337.49712
337.48703
337.49595
337.4856
337.49419
337.48355
337.49177
337.48084
337.4887
337.47751
337.48503
337.47363
337.48083
337.46927
337.47616
337.46447
337.47105
337.45926
337.46553
337.45365
337.45959
337.44763
337.45321
337.44118
337.44637
337.43426
337.43903
337.42684
337.43117
337.4189
337.42275
337.41041
337.41376
337.40134
337.40418
337.39169
337.39398
337.38143
337.38317
337.37057
337.37173
337.35909
337.35968
337.347
337.4949
337.48808
337.49651
337.48746
337.49633
337.48709
337.49576
337.48623
337.49456
337.48472
337.49264
337.48245
337.48994
337.47944
337.48652
337.47575
337.48248
337.4715
337.4779
337.46677
337.47288
337.46165
337.46747
337.45617
337.46171
337.45036
337.45561
337.44422
337.44916
337.43774
337.44235
337.43089
337.43514
337.42364
337.4275
337.41597
337.41941
337.40785
337.41085
337.39924
337.40178
337.39014
337.39219
337.38051
337.38207
337.37035
337.3714
337.35966
337.36019
337.34841
337.49333
337.48726
337.49496
337.48647
337.49482
337.48614
337.49425
337.4852
337.4929
337.48347
337.49066
337.48085
337.48755
337.4774
337.48367
337.47324
337.47914
337.46851
337.4741
337.46334
337.46866
337.45781
337.46288
337.452
337.45682
337.44593
337.4505
337.43961
337.44392
337.43303
337.43706
337.42618
337.4299
337.41903
337.42241
337.41154
337.41457
337.40369
337.40634
337.39545
337.3977
337.3868
337.38862
337.37771
337.37909
337.36816
337.36909
337.35814
337.3586
337.34763
337.4917
337.48641
337.49336
337.48543
337.49324
337.48506
337.49257
337.48393
337.49092
337.48181
337.48821
337.47868
337.48454
337.47464
337.48006
337.46989
337.47495
337.46459
337.46936
337.4589
337.46343
337.45292
337.45723
337.44671
337.45082
337.44033
337.44423
337.43378
337.43747
337.42706
337.43052
337.42016
337.42335
337.41303
337.41595
337.40567
337.40829
337.39803
337.40032
337.39008
337.39203
337.3818
337.38338
337.37315
337.37436
337.36413
337.36494
337.3547
337.35511
337.34484
337.49
337.48555
337.4917
337.48435
337.49159
337.48386
337.4907
337.48236
337.48856
337.47967
337.48519
337.47584
337.4808
337.47108
337.4756
337.46562
337.46981
337.45967
337.46361
337.4534
337.45713
337.44691
337.45047
337.44028
337.44368
337.43355
337.4368
337.42674
337.42982
337.41984
337.42274
337.41284
337.41554
337.40571
337.40818
337.39842
337.40064
337.39093
337.39288
337.38322
337.38488
337.37524
337.3766
337.36698
337.36801
337.3584
337.3591
337.34949
337.34984
337.34021
337.48821
337.48467
337.49
337.48321
337.48984
337.48248
337.48858
337.48042
337.48573
337.47694
337.48151
337.47223
337.47622
337.46659
337.47018
337.46032
337.46362
337.45365
337.45675
337.44675
337.44969
337.43972
337.44254
337.43264
337.43536
337.42555
337.42816
337.41846
337.42096
337.41137
337.41373
337.40425
337.40646
337.39708
337.39912
337.38983
337.39167
337.38246
337.38409
337.37494
337.37633
337.36723
337.36836
337.35929
337.36016
337.35111
337.35169
337.34264
337.34294
337.33388
337.48633
337.48378
337.48824
337.48203
337.48797
337.48088
337.48612
337.47799
337.48231
337.47348
337.47701
337.4677
337.47068
337.46106
337.46368
337.45389
337.45629
337.44644
337.44871
337.43888
337.44105
337.43129
337.4334
337.42376
337.42582
337.41631
337.41831
337.40894
337.41088
337.40165
337.4035
337.39441
337.39616
337.38719
337.38882
337.37996
337.38144
337.37269
337.374
337.36532
337.36645
337.35783
337.35876
337.35019
337.3509
337.34235
337.34283
337.33429
337.33453
337.32598
337.48433
337.48289
337.48641
337.48077
337.48591
337.47895
337.48318
337.47493
337.47813
337.46913
337.47154
337.4621
337.46402
337.45435
337.45599
337.44621
337.44772
337.43795
337.4394
337.42971
337.43114
337.42158
337.423
337.4136
337.41503
337.4058
337.40722
337.39817
337.39957
337.39068
337.39206
337.38333
337.38464
337.37606
337.3773
337.36885
337.36999
337.36165
337.36268
337.35443
337.35532
337.34714
337.34787
337.33976
337.34032
337.33223
337.33261
337.32454
337.32473
337.31665
337.48221
337.48205
337.4845
337.4794
337.48356
337.47655
337.47961
337.47104
337.47301
337.4637
337.46492
337.45527
337.45609
337.44631
337.44696
337.43717
337.43779
337.42809
337.42874
337.41919
337.4199
337.41053
337.4113
337.40213
337.40297
337.394
337.39489
337.38613
337.38705
337.37848
337.37941
337.37102
337.37194
337.36372
337.36461
337.35653
337.35736
337.34942
337.35017
337.34233
337.34299
337.33523
337.33578
337.32809
337.32851
337.32085
337.32114
337.3135
337.31364
337.30598
337.47994
337.48128
337.48249
337.47785
337.48078
337.4735
337.47519
337.46611
337.46672
337.45699
337.45695
337.44703
337.44674
337.43681
337.43649
337.42667
337.42643
337.41678
337.41668
337.40725
337.40728
337.3981
337.39827
337.38932
337.38962
337.38091
337.38131
337.37284
337.37331
337.36505
337.36558
337.35752
337.35808
337.35021
337.35077
337.34306
337.3436
337.33603
337.33654
337.32908
337.32954
337.32217
337.32255
337.31525
337.31555
337.30829
337.3085
337.30125
337.30136
337.2941
337.4775
337.48066
337.4803
337.47601
337.47737
337.46956
337.46966
337.45988
337.45902
337.44877
337.44745
337.43721
337.43581
337.42572
337.42445
337.41459
337.41354
337.40396
337.40314
337.39385
337.39326
337.38427
337.38388
337.37517
337.37497
337.36653
337.36648
337.3583
337.35837
337.35043
337.35059
337.34286
337.34309
337.33556
337.33583
337.32847
337.32876
337.32155
337.32184
337.31475
337.31502
337.30802
337.30826
337.30133
337.30152
337.29464
337.29477
337.2879
337.28797
337.28109
337.47489
337.48027
337.47784
337.4737
337.47305
337.46443
337.46272
337.45207
337.44968
337.43883
337.43622
337.42564
337.42317
337.41292
337.41076
337.40088
337.39908
337.38957
337.38811
337.37897
337.37782
337.36903
337.36815
337.35969
337.35904
337.35088
337.35043
337.34255
337.34226
337.33463
337.33447
337.32708
337.32701
337.31982
337.31984
337.31283
337.31289
337.30603
337.30612
337.29939
337.2995
337.29286
337.29297
337.28641
337.28649
337.27997
337.28004
337.27353
337.27357
337.26705
337.47208
337.48017
337.47493
337.47064
337.46749
337.45778
337.45406
337.4424
337.43843
337.42696
337.42309
337.41218
337.4087
337.39833
337.39534
337.38548
337.38299
337.3736
337.37155
337.3626
337.36094
337.35239
337.35107
337.34288
337.34184
337.33398
337.33318
337.32561
337.32501
337.31771
337.31727
337.31021
337.3099
337.30305
337.30284
337.29617
337.29604
337.28953
337.28946
337.28308
337.28304
337.27676
337.27675
337.27054
337.27054
337.26438
337.26438
337.25823
337.25823
337.25206
337.46906
337.4804
337.47132
337.4665
337.4603
337.44921
337.44333
337.43059
337.42505
337.41298
337.40791
337.39672
337.39232
337.38187
337.37815
337.36835
337.36526
337.35602
337.35348
337.34474
337.34267
337.33437
337.33268
337.32478
337.32342
337.31586
337.31478
337.30753
337.30667
337.29971
337.29903
337.29231
337.29179
337.28529
337.28489
337.27857
337.27828
337.27212
337.2719
337.26587
337.26571
337.25978
337.25967
337.25381
337.25374
337.24792
337.24787
337.24207
337.24204
337.23622
337.46579
337.48091
337.46665
337.46082
337.45103
337.43834
337.43022
337.41639
337.40934
337.39673
337.39058
337.37918
337.37397
337.36352
337.35918
337.3495
337.34591
337.33688
337.33392
337.32545
337.32302
337.31502
337.31303
337.30544
337.30382
337.2966
337.29527
337.28838
337.2873
337.28068
337.27982
337.27345
337.27276
337.26661
337.26606
337.26009
337.25966
337.25385
337.25351
337.24783
337.24758
337.24199
337.2418
337.23629
337.23615
337.23068
337.23059
337.22513
337.22508
337.2196
337.46223
337.48151
337.46044
337.45305
337.43919
337.42477
337.41443
337.39957
337.39115
337.37811
337.37103
337.35953
337.35365
337.34328
337.33844
337.32895
337.32497
337.3162
337.31293
337.30476
337.30206
337.29439
337.29217
337.28494
337.28311
337.27624
337.27474
337.2682
337.26696
337.26071
337.2597
337.25369
337.25287
337.24707
337.2464
337.24079
337.24026
337.2348
337.23437
337.22904
337.2287
337.22347
337.22321
337.21805
337.21786
337.21273
337.21261
337.20749
337.20743
337.20228
337.45832
337.48178
337.45208
337.44257
337.42434
337.40815
337.39573
337.37999
337.37039
337.35708
337.34925
337.33778
337.33139
337.3212
337.31599
337.30677
337.30251
337.29407
337.29056
337.28275
337.27986
337.27257
337.27018
337.26333
337.26135
337.25487
337.25324
337.24708
337.24573
337.23985
337.23873
337.2331
337.23218
337.22675
337.226
337.22075
337.22013
337.21504
337.21454
337.20956
337.20917
337.20428
337.20398
337.19916
337.19894
337.19415
337.194
337.18923
337.18915
337.18434
337.45394
337.48101
337.44086
337.42873
337.40605
337.38821
337.37396
337.35757
337.34705
337.33366
337.32529
337.31398
337.30725
337.29736
337.2919
337.28305
337.27861
337.27056
337.26692
337.25951
337.25651
337.24963
337.24715
337.2407
337.23865
337.23257
337.23086
337.2251
337.22368
337.21819
337.21701
337.21176
337.21077
337.20572
337.20491
337.20003
337.19937
337.19463
337.19409
337.18947
337.18903
337.1845
337.18416
337.17969
337.17944
337.17501
337.17484
337.17041
337.17032
337.16585
337.44894
337.47818
337.42602
337.41089
337.384
337.36475
337.34906
337.33232
337.32117
337.30791
337.29923
337.28825
337.28134
337.27185
337.2663
337.25789
337.25339
337.24579
337.24211
337.23515
337.23212
337.22568
337.22317
337.21717
337.21508
337.20943
337.20769
337.20235
337.20089
337.19581
337.1946
337.18974
337.18873
337.18407
337.18322
337.17872
337.17803
337.17366
337.17309
337.16883
337.16837
337.1642
337.16384
337.15972
337.15945
337.15536
337.15518
337.1511
337.151
337.14688
337.44306
337.47191
337.40675
337.38851
337.35799
337.33774
337.32108
337.30433
337.29287
337.27998
337.27121
337.26071
337.25381
337.24484
337.23932
337.23143
337.22697
337.21988
337.21624
337.20978
337.20679
337.20083
337.19835
337.19281
337.19074
337.18554
337.18382
337.17891
337.17746
337.1728
337.17159
337.16714
337.16612
337.16185
337.16101
337.15689
337.15618
337.15219
337.15161
337.14772
337.14725
337.14344
337.14307
337.13931
337.13903
337.13529
337.1351
337.13137
337.13127
337.1275
337.43593
337.46057
337.38234
337.36118
337.32798
337.30724
337.29016
337.27378
337.26235
337.25005
337.24143
337.23155
337.22482
337.21646
337.21111
337.20381
337.1995
337.19297
337.18946
337.18353
337.18064
337.17519
337.1728
337.16774
337.16574
337.16101
337.15934
337.15487
337.15347
337.14924
337.14806
337.14402
337.14303
337.13916
337.13833
337.1346
337.13391
337.13029
337.12972
337.1262
337.12574
337.12228
337.12192
337.11851
337.11824
337.11486
337.11467
337.11128
337.11118
337.10777
337.42699
337.44239
337.35225
337.32872
337.2941
337.27348
337.25655
337.24092
337.22983
337.21834
337.21009
337.20097
337.19457
337.18691
337.18184
337.17519
337.17111
337.16519
337.16188
337.15652
337.15379
337.14888
337.14662
337.14207
337.14018
337.13592
337.13434
337.13034
337.12901
337.12521
337.12409
337.12047
337.11953
337.11606
337.11528
337.11193
337.11127
337.10804
337.10749
337.10434
337.10389
337.10081
337.10045
337.09741
337.09714
337.09411
337.09393
337.0909
337.0908
337.08774
337.41551
337.41569
337.31621
337.29121
337.25664
337.23678
337.22055
337.20603
337.1956
337.18511
337.17742
337.16917
337.16325
337.15636
337.15168
337.14573
337.14197
337.1367
337.13364
337.12888
337.12636
337.122
337.11992
337.11589
337.11415
337.11038
337.10892
337.10538
337.10415
337.1008
337.09977
337.09657
337.0957
337.09264
337.0919
337.08896
337.08834
337.08549
337.08498
337.0822
337.08178
337.07906
337.07873
337.07604
337.07579
337.07312
337.07294
337.07027
337.07018
337.06747
337.40038
337.37903
337.27428
337.24902
337.216
337.19755
337.18255
337.16946
337.15995
337.15062
337.14367
337.13639
337.13105
337.12501
337.1208
337.11559
337.11222
337.10761
337.10487
337.10072
337.09847
337.09468
337.09281
337.0893
337.08774
337.08448
337.08317
337.08009
337.07899
337.07608
337.07515
337.07238
337.0716
337.06894
337.06828
337.06573
337.06517
337.0627
337.06224
337.05983
337.05945
337.0571
337.05679
337.05447
337.05424
337.05193
337.05177
337.04945
337.04936
337.04702
337.38006
337.33151
337.22689
337.2028
337.17271
337.15626
337.14294
337.13154
337.12318
337.11514
337.10907
337.10283
337.09817
337.09302
337.08935
337.08492
337.08199
337.07808
337.07569
337.07217
337.07021
337.067
337.06537
337.06241
337.06105
337.05829
337.05714
337.05455
337.05358
337.05113
337.05031
337.04797
337.04729
337.04505
337.04447
337.04231
337.04182
337.03974
337.03933
337.0373
337.03696
337.03497
337.03471
337.03274
337.03254
337.03058
337.03044
337.02848
337.0284
337.02642
337.35228
337.27299
337.17485
337.15333
337.12736
337.1134
337.10212
337.09261
337.08558
337.07893
337.07384
337.06869
337.0648
337.06056
337.0575
337.05386
337.05141
337.0482
337.04621
337.04333
337.04169
337.03907
337.03771
337.03528
337.03415
337.03189
337.03093
337.02881
337.02801
337.026
337.02532
337.0234
337.02283
337.021
337.02051
337.01875
337.01834
337.01664
337.0163
337.01464
337.01436
337.01273
337.0125
337.0109
337.01072
337.00913
337.00901
337.00741
337.00734
337.00572
337.31337
337.2041
337.1192
337.10149
337.08055
337.06944
337.06046
337.05297
337.04741
337.0422
337.03817
337.03416
337.03108
337.02778
337.02536
337.02253
337.02059
337.0181
337.01653
337.01429
337.013
337.01096
337.00988
337.008
337.0071
337.00535
337.00459
337.00294
337.00231
337.00075
337.00021
336.99873
336.99827
336.99685
336.99647
336.9951
336.99477
336.99345
336.99318
336.99189
336.99167
336.9904
336.99022
336.98898
336.98884
336.9876
336.9875
336.98626
336.9862
336.98494
337.25729
337.12663
337.06112
337.0481
337.03281
337.02478
337.01828
337.0129
337.00888
337.00515
337.00224
336.99937
336.99715
336.99479
336.99305
336.99103
336.98963
336.98785
336.98672
336.98512
336.98419
336.98273
336.98196
336.98062
336.97997
336.97872
336.97818
336.977
336.97654
336.97543
336.97504
336.97398
336.97365
336.97264
336.97236
336.97138
336.97115
336.9702
336.97001
336.96909
336.96893
336.96803
336.9679
336.96701
336.96691
336.96602
336.96595
336.96506
336.96502
336.96412
337.17244
337.04288
337.00174
336.99387
336.9846
336.97976
336.97583
336.97259
336.97017
336.96793
336.96618
336.96445
336.96312
336.9617
336.96065
336.95944
336.9586
336.95753
336.95685
336.95589
336.95533
336.95446
336.95399
336.95318
336.95279
336.95204
336.95172
336.95101
336.95073
336.95007
336.94983
336.9492
336.949
336.94839
336.94822
336.94764
336.9475
336.94693
336.94681
336.94626
336.94616
336.94562
336.94554
336.94501
336.94495
336.94442
336.94438
336.94385
336.94382
336.94328
337.03509
336.95585
336.94192
336.93931
336.93621
336.93459
336.93328
336.9322
336.93139
336.93065
336.93006
336.92949
336.92904
336.92857
336.92822
336.92782
336.92754
336.92718
336.92695
336.92663
336.92645
336.92616
336.926
336.92573
336.9256
336.92535
336.92524
336.92501
336.92491
336.92469
336.92461
336.9244
336.92434
336.92413
336.92408
336.92388
336.92384
336.92365
336.92361
336.92342
336.92339
336.92321
336.92318
336.92301
336.92299
336.92281
336.92279
336.92262
336.92261
336.92243
)
;

boundaryField
{
    inlet
    {
        type            fixedValue;
        value           uniform 337.5;
    }
    outlet
    {
        type            zeroGradient;
    }
    wall_membrane
    {
        type            groovyBC;
        refValue        nonuniform List<scalar> 
50
(
328.26461
328.24155
328.21849
328.19543
328.17237
328.14931
328.12625
328.10319
328.08013
328.05707
328.03401
328.01095
327.98789
327.96484
327.94178
327.91872
327.89566
327.8726
327.84954
327.82648
327.80342
327.78036
327.7573
327.73424
327.71118
327.68812
327.66506
327.642
327.61894
327.59588
327.57282
327.54976
327.5267
327.50364
327.48058
327.45752
327.43446
327.4114
327.38834
327.36528
327.34222
327.31916
327.29611
327.27305
327.24999
327.22693
327.20387
327.18081
327.15775
327.13469
)
;
        refGradient     uniform 0;
        valueFraction   uniform 1;
        source          uniform 0;
        value           nonuniform List<scalar> 
50
(
328.26461
328.24155
328.21849
328.19543
328.17237
328.14931
328.12625
328.10319
328.08013
328.05707
328.03401
328.01095
327.98789
327.96484
327.94178
327.91872
327.89566
327.8726
327.84954
327.82648
327.80342
327.78036
327.7573
327.73424
327.71118
327.68812
327.66506
327.642
327.61894
327.59588
327.57282
327.54976
327.5267
327.50364
327.48058
327.45752
327.43446
327.4114
327.38834
327.36528
327.34222
327.31916
327.29611
327.27305
327.24999
327.22693
327.20387
327.18081
327.15775
327.13469
)
;
        valueExpression "Tm";
        gradientExpression "0";
        fractionExpression "1";
        evaluateDuringConstruction 0;
        cyclicSlave     0;
        variables       
12
(
"T_a=337.5;"
"L=0.15;"
"Tp_in=303.3;"
"Tp_out=307.1;"
"T_p=Tp_out-(Tp_out-Tp_in)/L*pos().x;"
"delta_mem=0.0001;"
"lambda_mem=0.053;"
"lambda_alim=0.656;"
"delta_alim=0.001;"
"h_agua=620;"
"h_ef=(lambda_alim/delta_alim)*(1/h_agua+delta_mem/lambda_mem);"
"Tm=((Tp_out-(Tp_out-Tp_in)/L*pos().x)+h_ef*T_a)/(1+h_ef);"
)
;
        timelines       (
);
        lookuptables    (
);
        lookuptables2D  (
);
    }
    wall_up
    {
        type            groovyBC;
        refValue        uniform 336.912;
        refGradient     uniform 0;
        valueFraction   uniform 1;
        source          uniform 0;
        value           uniform 336.912;
        valueExpression "T_m";
        gradientExpression "0";
        fractionExpression "1";
        evaluateDuringConstruction 0;
        cyclicSlave     0;
        variables       
10
(
"T_a=337.5;"
"Text=298;"
"L=0.15;"
"delta_ext=0.0132;"
"lambda_ext=15;"
"lambda_alim=0.656;"
"delta_alim=0.001;"
"h_ext=10;"
"h_ef=lambda_alim/delta_alim*(1/h_ext+delta_ext/lambda_ext);"
"T_m=(Text+h_ef*T_a)/(1+h_ef);"
)
;
        timelines       (
);
        lookuptables    (
);
        lookuptables2D  (
);
    }
    sides
    {
        type            empty;
    }
}


// ************************************************************************* //
