/*--------------------------------*- C++ -*----------------------------------*\
| =========                 |                                                 |
| \\      /  F ield         | OpenFOAM: The Open Source CFD Toolbox           |
|  \\    /   O peration     | Version:  2312                                  |
|   \\  /    A nd           | Website:  www.openfoam.com                      |
|    \\/     M anipulation  |                                                 |
\*---------------------------------------------------------------------------*/
FoamFile
{
    version     2.0;
    format      ascii;
    arch        "LSB;label=32;scalar=64";
    class       volScalarField;
    location    "2";
    object      T;
}
// * * * * * * * * * * * * * * * * * * * * * * * * * * * * * * * * * * * * * //

dimensions      [0 0 0 1 0 0 0];

internalField   nonuniform List<scalar> 
4000
(
329.27844
328.41722
328.29772
328.22295
328.16713
328.11377
328.06866
328.02226
327.9813
327.9383
327.89945
327.85855
327.82111
327.78187
327.74565
327.70785
327.67269
327.63611
327.60179
327.56613
327.53234
327.49723
327.46367
327.42882
327.39531
327.36063
327.32717
327.2927
327.25936
327.22511
327.19191
327.15788
327.1248
327.0909
327.05791
327.02409
326.99113
326.95735
326.92442
326.89063
326.85773
326.82392
326.79105
326.7572
326.72439
326.69047
326.65776
326.62368
326.59126
326.55639
331.02163
329.28469
328.99585
328.83965
328.74018
328.64813
328.58075
328.50954
328.45461
328.39361
328.345
328.29029
328.24591
328.19615
328.1554
328.10996
328.0724
328.03061
327.99557
327.95652
327.9231
327.88572
327.85299
327.81642
327.78384
327.74778
327.71535
327.67988
327.6478
327.61302
327.58138
327.54722
327.51595
327.48222
327.45119
327.41769
327.38679
327.35339
327.32256
327.28917
327.25842
327.22496
327.19431
327.16074
327.13026
327.09647
327.0663
327.03202
327.00272
326.96615
332.28222
330.14012
329.69136
329.45491
329.31205
329.18161
329.09197
328.99612
328.9272
328.84832
328.78992
328.72146
328.67009
328.60981
328.56444
328.51132
328.47123
328.42417
328.3883
328.34582
328.31268
328.27303
328.24107
328.2028
328.17111
328.13367
328.10223
328.06575
328.03488
327.99955
327.96941
327.93512
327.9056
327.87204
327.84293
327.80976
327.78088
327.74787
327.71913
327.68613
327.65752
327.62443
327.59599
327.5627
327.53453
327.50087
327.47323
327.43876
327.41255
327.37445
333.22771
330.97046
330.38029
330.06662
329.88117
329.71306
329.60131
329.48119
329.3983
329.3018
329.23358
329.15153
329.09306
329.02233
328.97217
328.91136
328.86854
328.81615
328.77924
328.73329
328.70029
328.65836
328.6271
328.58715
328.55629
328.5175
328.48696
328.44947
328.41972
328.3838
328.35508
328.32062
328.2928
328.25938
328.23215
328.19931
328.17241
328.13981
328.11312
328.08053
328.05403
328.0213
327.99504
327.96204
327.93616
327.90265
327.87751
327.84287
327.81971
327.78032
333.95741
331.76272
331.05733
330.67183
330.44544
330.24092
330.10745
329.96368
329.86693
329.7532
329.67518
329.57981
329.51416
329.43308
329.37796
329.30945
329.26367
329.20588
329.1677
329.11821
329.08516
329.04096
329.01027
328.96869
328.93858
328.89846
328.86873
328.83022
328.80145
328.76493
328.7375
328.70285
328.67662
328.64334
328.6179
328.5854
328.56043
328.52824
328.50356
328.47139
328.44696
328.41462
328.3905
328.35781
328.33418
328.30084
328.27815
328.24337
328.22316
328.1828
334.5331
332.50563
331.71622
331.2669
331.00227
330.76327
330.60876
330.44226
330.3319
330.20152
330.11379
330.00547
329.93259
329.84136
329.7811
329.70493
329.65591
329.59268
329.55293
329.49985
329.46652
329.42005
329.3898
329.34664
329.31719
329.27578
329.24674
329.2072
329.17928
329.1421
329.11582
329.08095
329.05618
329.02302
328.9993
328.96712
328.94402
328.91224
328.88952
328.85779
328.83538
328.80345
328.78142
328.74907
328.72763
328.69449
328.67419
328.63934
328.62195
328.58096
334.99503
333.19049
332.35034
331.84767
331.54866
331.27783
331.10337
330.91539
330.79184
330.6456
330.54833
330.42757
330.34747
330.24637
330.18082
330.09708
330.04456
329.97586
329.93423
329.8775
329.84363
329.79489
329.76493
329.72026
329.69135
329.64871
329.62023
329.57965
329.55242
329.51455
329.48925
329.4541
329.43066
329.39759
329.37547
329.34362
329.3223
329.29096
329.27013
329.23886
329.2184
329.18691
329.16691
329.13493
329.11563
329.08272
329.06474
329.02987
329.01514
328.97387
335.37051
333.81152
332.9532
332.40969
332.08134
331.7821
331.58921
331.38134
331.24525
331.08411
330.97763
330.84507
330.75784
330.64723
330.57629
330.48514
330.42888
330.3547
330.31088
330.25046
330.21577
330.16477
330.13492
330.08881
330.06033
330.01652
329.98847
329.94686
329.92014
329.88153
329.85702
329.82156
329.79928
329.76628
329.74563
329.7141
329.69447
329.66358
329.64455
329.61377
329.5952
329.56418
329.54613
329.51455
329.49731
329.46469
329.44892
329.41413
329.40187
329.36067
335.67883
334.36579
333.519
332.94846
332.59687
332.27337
332.06403
331.83826
331.69048
331.51564
331.40038
331.25682
331.16265
331.04303
330.96665
330.86831
330.80811
330.72851
330.6822
330.61804
330.58226
330.52899
330.49907
330.45159
330.42342
330.37853
330.35077
330.30815
330.28175
330.24236
330.21844
330.1826
330.16131
330.12833
330.10903
330.07782
330.05976
330.02934
330.01203
329.98176
329.96499
329.93447
329.91831
329.88717
329.87189
329.83962
329.82595
329.79135
329.78133
329.74054
335.93404
334.85304
334.04294
333.45971
333.09185
332.74888
332.52555
332.28417
332.12583
331.93869
331.81525
331.66163
331.56081
331.43276
331.351
331.24579
331.1815
331.09657
331.04749
330.97958
330.94241
330.8869
330.8567
330.80794
330.77997
330.73407
330.70648
330.66288
330.63662
330.5964
330.57286
330.53658
330.51608
330.48309
330.46497
330.43406
330.41746
330.38752
330.37183
330.3421
330.32706
330.29707
330.28269
330.25205
330.23864
330.20677
330.19508
330.16078
330.15276
330.11269
336.14676
335.27524
334.52157
333.93968
333.56302
333.20592
332.97143
332.7171
332.54954
332.35168
332.22083
332.05823
331.95117
331.8154
331.72839
331.61671
331.54825
331.45816
331.40608
331.33444
331.2956
331.23784
331.20718
331.15721
331.12933
331.08254
331.055
331.01044
330.98414
330.94305
330.91968
330.88289
330.86298
330.82993
330.81283
330.7822
330.76694
330.73748
330.72331
330.69415
330.68072
330.65132
330.63863
330.60853
330.59688
330.56549
330.55562
330.52177
330.5155
330.4764
336.32515
335.63619
334.95292
334.38525
334.00745
333.64188
333.39943
333.13506
332.95986
332.75307
332.61571
332.44533
332.33258
332.18989
332.09787
331.98021
331.90759
331.81257
331.7573
331.68198
331.64121
331.58122
331.5499
331.49881
331.47092
331.42334
331.39575
331.35028
331.32377
331.28178
331.25836
331.22099
331.20146
331.16828
331.15204
331.12167
331.1076
331.07864
331.06587
331.0373
331.0254
330.99661
330.9855
330.956
330.94599
330.91516
330.90697
330.87369
330.86894
330.83104
336.47566
335.94099
335.33645
334.7942
334.4227
334.05445
333.80746
333.53616
333.3551
333.1413
332.99847
332.82165
332.70385
332.55517
332.45849
332.33543
332.25872
332.1591
332.10052
332.02161
331.97867
331.91648
331.8843
331.83218
331.80417
331.75593
331.7282
331.68188
331.65502
331.6121
331.58841
331.55038
331.53102
331.49765
331.48208
331.45194
331.43893
331.41046
331.39898
331.37103
331.36053
331.3324
331.32278
331.29392
331.28543
331.25524
331.24857
331.216
331.21251
331.176
336.60342
336.19558
335.67306
335.16521
334.80685
334.44162
334.19365
333.91866
333.73367
333.5149
333.36779
333.18595
333.06386
332.91019
332.80928
332.68148
332.60089
332.49702
332.4351
332.35274
332.30744
332.24308
332.20986
332.1568
332.12858
332.07981
332.05187
332.00478
331.97743
331.93355
331.9094
331.87064
331.85123
331.8176
331.80251
331.77256
331.76046
331.73248
331.72217
331.69486
331.68566
331.65822
331.64996
331.62182
331.61471
331.58525
331.57992
331.54821
331.54576
331.51078
336.71258
336.40627
335.96481
335.49796
335.15869
334.80185
334.55642
334.28101
334.09413
333.87251
333.72238
333.53703
333.4115
333.25392
333.14932
333.01753
332.93332
332.82567
332.76044
332.67481
332.62701
332.56053
332.52611
332.47218
332.44369
332.39451
332.36633
332.31856
332.29059
332.24575
332.22095
332.18138
332.1617
332.12774
332.11294
332.08315
332.07179
332.0443
332.03503
332.00839
332.00037
331.97367
331.96665
331.93927
331.93342
331.90476
331.90062
331.86988
331.86827
331.83492
336.80649
336.5794
336.21471
335.79302
335.47767
335.13404
334.89453
334.62193
334.43523
334.21291
334.0611
333.87378
333.74575
333.5854
333.47772
333.34275
333.25528
333.14438
333.07595
332.98731
332.9369
332.86838
332.83261
332.7779
332.74906
332.69963
332.67116
332.62282
332.59415
332.54835
332.52272
332.48227
332.46212
332.42774
332.41304
332.38336
332.3726
332.34559
332.33722
332.31126
332.3043
332.27837
332.27248
332.24592
332.24119
332.21342
332.2103
332.18065
332.1797
332.14804
336.88785
336.72102
336.42647
336.05179
335.76392
335.43766
335.20717
334.94042
334.75595
334.53504
334.38295
334.19521
334.06567
333.90373
333.79366
333.65636
333.56608
333.45251
333.38109
333.28974
333.23668
333.16622
333.12898
333.07357
333.04434
332.99479
332.96603
332.91723
332.88779
332.84105
332.81442
332.77304
332.75221
332.71735
332.70255
332.67292
332.6626
332.63605
332.62845
332.60319
332.59718
332.57206
332.56717
332.54148
332.53774
332.51092
332.50868
332.48022
332.47976
332.44983
336.95887
336.83671
336.60422
336.27639
336.01822
335.71265
335.49389
335.23579
335.05553
334.83808
334.68708
334.50047
334.37044
334.20809
334.09638
333.95764
333.86508
333.74947
333.67534
333.58164
333.52596
333.45368
333.41487
333.35885
333.32918
333.27966
333.25062
333.2015
333.17124
333.12359
333.09584
333.05345
333.03176
332.99633
332.98126
332.95162
332.94159
332.91548
332.90852
332.88396
332.87878
332.85449
332.85049
332.82572
332.82284
332.79705
332.79552
332.76833
332.76825
332.74004
337.02132
336.93141
336.75222
336.46941
336.24193
335.95949
335.75469
335.50771
335.33348
335.12139
334.97284
334.78884
334.65937
334.4978
334.38522
334.24597
334.15167
334.03473
333.95822
333.86258
333.80438
333.73043
333.69
333.63346
333.60332
333.55397
333.52468
333.47537
333.44428
333.39577
333.36677
333.32334
333.30061
333.26453
333.249
333.21931
333.20939
333.1837
333.17726
333.15341
333.14893
333.12551
333.12228
333.09847
333.09633
333.07163
333.07068
333.04482
333.04499
333.0185
337.07661
337.00937
336.87469
336.63384
336.43686
336.1791
335.98997
335.75617
335.5896
335.38463
335.23978
335.05982
334.93191
334.77228
334.65963
334.52077
334.42536
334.30778
334.22933
334.1322
334.07162
333.99619
333.95411
333.89715
333.86652
333.81749
333.78799
333.73863
333.70672
333.6574
333.62706
333.58257
333.55864
333.52183
333.50568
333.47586
333.46592
333.44062
333.43457
333.41143
333.40754
333.38501
333.38243
333.35962
333.35809
333.33453
333.33405
333.30956
333.3099
333.28509
337.1259
337.07413
336.97565
336.77282
336.6052
336.37281
336.20048
335.9815
335.82397
335.62764
335.48768
335.31304
335.18769
335.03108
334.91916
334.7816
334.6857
334.56822
334.48829
334.39016
334.32741
334.25074
334.20702
334.14972
334.11862
334.07004
334.04037
333.99112
333.95841
333.90836
333.87663
333.83103
333.80576
333.76817
333.75123
333.72123
333.71113
333.68618
333.6804
333.65796
333.65456
333.63293
333.6309
333.60912
333.6081
333.5857
333.58557
333.56248
333.56292
333.53975
337.17008
337.12858
337.05873
336.88956
336.74936
336.54224
336.38732
336.18433
336.03694
335.85055
335.71652
335.54836
335.42647
335.27391
335.1635
335.02809
334.93236
334.8157
334.7348
334.6362
334.57155
334.49387
334.44856
334.39105
334.35948
334.31147
334.28172
334.23272
334.19926
334.14856
334.11539
334.06869
334.04196
334.00352
333.98565
333.95541
333.945
333.92039
333.91475
333.89301
333.88999
333.86927
333.86769
333.84696
333.84634
333.82514
333.82527
333.80358
333.80407
333.78248
337.20987
337.175
337.12719
336.98713
336.87189
336.68927
336.55184
336.36555
336.22913
336.0537
335.92647
335.7658
335.64821
335.50062
335.39247
335.26002
335.1651
335.04996
334.96863
334.87009
334.80386
334.72546
334.67865
334.62104
334.58903
334.54172
334.51194
334.46334
334.4292
334.37795
334.34331
334.29551
334.26723
334.2279
334.20897
334.17844
334.1676
334.14328
334.13768
334.11663
334.11389
334.09408
334.09285
334.07318
334.07288
334.05289
334.05321
334.0329
334.03341
334.01333
337.24583
337.21515
337.18383
337.06844
336.97534
336.81594
336.69559
336.52631
336.40135
336.23764
336.11792
335.96557
335.85302
335.71122
335.606
335.47726
335.38377
335.27083
335.18962
335.09169
335.02424
334.94541
334.89722
334.83963
334.80723
334.76073
334.73101
334.68296
334.64821
334.5965
334.56042
334.51154
334.48163
334.44136
334.42126
334.3904
334.37901
334.35495
334.34928
334.3289
334.32636
334.30746
334.3065
334.2879
334.28783
334.26905
334.26948
334.25054
334.25103
334.23241
337.27843
337.25034
337.23097
337.13612
337.0622
336.92431
336.82029
336.66789
336.55462
336.40312
336.29145
336.14807
336.04116
335.90585
335.80419
335.67982
335.58833
335.47823
335.39768
335.3009
335.23261
335.15368
335.10428
335.04685
335.01411
334.96853
334.93895
334.89157
334.8563
334.80425
334.76673
334.71681
334.68522
334.64401
334.62264
334.59139
334.57937
334.55553
334.5497
334.52998
334.52754
334.50955
334.50878
334.49124
334.49134
334.47375
334.47425
334.45665
334.4571
334.43985
337.30801
337.28156
337.27055
337.1925
337.13482
337.0165
336.92771
336.79175
336.69012
336.55104
336.44776
336.31382
336.21305
336.0848
335.98722
335.8678
335.77886
335.67217
335.5928
335.4977
335.42899
335.35029
335.29987
335.24273
335.20973
335.16517
335.1358
335.08923
335.05353
335.00124
334.96234
334.91142
334.87812
334.83595
334.81324
334.78159
334.76883
334.74519
334.73913
334.72003
334.71763
334.70052
334.69989
334.6834
334.68359
334.66719
334.66771
334.65139
334.65181
334.63586
337.33487
337.30951
337.30409
337.2396
337.19536
337.0945
337.01966
336.89938
336.80911
336.68245
336.58771
336.46349
336.36922
336.24847
336.15543
336.04144
335.95552
335.85276
335.77508
335.68215
335.61342
335.53529
335.48407
335.42738
335.3942
335.35074
335.32167
335.27601
335.23997
335.18756
335.14733
335.09548
335.06047
335.01734
334.99324
334.96116
334.9476
334.92413
334.91776
334.89928
334.89684
334.88061
334.88004
334.86458
334.86483
334.84958
334.85009
334.835
334.83537
334.82066
337.35921
337.33466
337.33279
337.2791
337.24576
337.16023
337.0979
336.99234
336.91295
336.79845
336.71227
336.59788
336.51035
336.39738
336.30925
336.20108
336.11858
336.02019
335.94465
335.85436
335.78603
335.70881
335.65702
335.60094
335.56767
335.52539
335.49669
335.45205
335.41576
335.36332
335.32185
335.26912
335.23242
335.18836
335.16285
335.13032
335.11591
335.09259
335.08586
335.06796
335.06543
335.05006
335.0495
335.03505
335.03531
335.02117
335.02165
335.00774
335.00806
334.99452
337.38124
337.35738
337.35756
337.31242
337.2877
337.21544
337.16414
337.07217
337.003
336.90026
336.82246
336.71785
336.63718
336.53218
336.44921
336.34713
336.2684
336.17474
336.10176
336.01452
335.94699
335.871
335.81889
335.76358
335.73033
335.6893
335.66103
335.61749
335.58104
335.52869
335.48604
335.43252
335.39417
335.34921
335.32228
335.28931
335.27402
335.25083
335.24368
335.22636
335.22369
335.20915
335.20856
335.19509
335.19533
335.18226
335.18269
335.1699
335.17017
335.15772
337.40109
337.37788
337.37911
337.34069
337.32264
337.26171
337.21995
337.14036
337.08065
336.98908
336.91939
336.82437
336.75054
336.65354
336.57591
336.48012
336.40543
336.31676
336.24669
336.16286
336.09651
336.02207
335.96991
335.91553
335.8824
335.84269
335.81491
335.77252
335.736
335.68382
335.64009
335.58587
335.54593
335.50013
335.47178
335.43839
335.4222
335.39913
335.39155
335.37476
335.37193
335.35818
335.35753
335.345
335.3452
335.33315
335.33353
335.32178
335.32201
335.31058
337.41888
337.39635
337.39794
337.36481
337.3518
337.30044
337.2668
337.19833
337.14724
337.06613
337.00417
336.91841
336.85131
336.76225
336.69004
336.60062
336.53016
336.44669
336.37983
336.2997
336.23488
336.16229
336.11034
336.05704
336.02415
335.9858
335.95857
335.91737
335.88085
335.82892
335.78421
335.72938
335.68793
335.64134
335.61164
335.57784
335.56075
335.53781
335.52976
335.5135
335.51047
335.49749
335.49676
335.48513
335.48526
335.47418
335.4745
335.46374
335.46393
335.45346
337.4347
337.41288
337.41443
337.38549
337.37622
337.33284
337.306
337.24738
337.20403
337.13262
337.0779
337.00098
336.94041
336.85912
336.79233
336.70928
336.64316
336.56502
336.50159
336.42541
336.36243
336.29194
336.24046
336.18841
336.15587
336.11892
336.09227
336.05229
336.01583
335.96422
335.91862
335.86328
335.82042
335.77313
335.74212
335.70796
335.69
335.66717
335.65866
335.6429
335.63967
335.62742
335.62659
335.61582
335.61588
335.60571
335.60596
335.59614
335.59628
335.58671
337.44862
337.42758
337.42886
337.4033
337.3967
337.35996
337.33871
337.28875
337.25224
337.1897
337.14168
337.07309
337.01878
336.94498
336.88353
336.80677
336.74505
336.67228
336.61245
336.54038
336.47951
336.41137
336.3606
336.30994
336.27787
336.24234
336.2163
336.17755
336.14119
336.08996
336.04358
335.98783
335.94367
335.89576
335.86353
335.82905
335.81026
335.78757
335.77861
335.76334
335.75988
335.74833
335.74739
335.73743
335.73741
335.72811
335.7283
335.71934
335.71945
335.71071
337.46071
337.44052
337.44144
337.41864
337.41394
337.38267
337.36596
337.3235
337.29297
337.23846
337.19656
337.13573
337.08732
337.02069
336.96443
336.89381
336.83649
336.76905
336.71292
336.64508
336.58655
336.52095
336.47111
336.42198
336.39049
336.3564
336.33098
336.29344
336.25722
336.20642
336.15936
336.10329
336.05795
336.00953
335.97618
335.94146
335.92189
335.89935
335.88995
335.87516
335.87148
335.86061
335.85954
335.85036
335.85026
335.84176
335.84189
335.83373
335.83381
335.82585
337.47103
337.45178
337.45234
337.43187
337.42847
337.40169
337.38863
337.35261
337.32724
337.2799
337.24354
337.18986
337.14697
337.08709
337.03581
336.97112
336.91813
336.85594
336.80356
336.73998
336.68396
336.62106
336.57238
336.52489
336.49409
336.46143
336.43665
336.40028
336.36422
336.31389
336.26623
336.20995
336.16358
336.11476
336.0804
336.04551
336.02523
336.00288
335.99307
335.97874
335.97486
335.96462
335.96344
335.95498
335.9548
335.94706
335.94713
335.93972
335.93977
335.93253
337.47962
337.46143
337.4617
337.44324
337.44071
337.41764
337.40745
337.37693
337.35594
337.31496
337.28354
337.23638
337.19857
337.14502
337.09847
337.03943
336.99065
336.93356
336.88492
336.8256
336.77222
336.71214
336.66481
336.61907
336.58903
336.55781
336.53364
336.49839
336.46251
336.41265
336.3645
336.30812
336.26085
336.21175
336.17653
336.14155
336.12065
336.09851
336.08835
336.07448
336.0704
336.06077
336.05948
336.05169
336.05144
336.04439
336.04441
336.03769
336.03772
336.03115
337.48657
337.46956
337.46963
337.45297
337.45102
337.43102
337.42306
337.3972
337.37989
337.34448
337.31741
337.27615
337.24298
337.19526
337.15316
337.09947
337.05474
337.00256
336.9576
336.90247
336.85181
336.79462
336.7488
336.7049
336.67572
336.64589
336.62232
336.58812
336.5524
336.50303
336.45448
336.3981
336.35009
336.30085
336.2649
336.22993
336.20851
336.18662
336.17615
336.16274
336.15849
336.14944
336.14804
336.14089
336.14057
336.13417
336.13414
336.12806
336.12807
336.12211
337.49199
337.47628
337.47626
337.46123
337.45967
337.44221
337.43598
337.41403
337.39978
337.36921
337.34594
337.30995
337.28096
337.23859
337.20061
337.15193
337.11107
337.06356
337.02216
336.97111
336.92321
336.86897
336.82478
336.78278
336.75452
336.72605
336.70304
336.66981
336.63424
336.58536
336.5365
336.48022
336.43164
336.38239
336.34587
336.31101
336.28918
336.2676
336.25687
336.24392
336.23953
336.23102
336.22954
336.22298
336.22259
336.2168
336.21673
336.21123
336.21122
336.20583
337.49599
337.48171
337.48169
337.46818
337.46688
337.45156
337.44664
337.42796
337.41622
337.38982
337.36982
337.33849
337.31323
337.2757
337.24152
337.1975
337.16027
337.11717
337.0792
337.03207
336.98693
336.93563
336.89319
336.85313
336.82584
336.79867
336.77617
336.74382
336.70837
336.65997
336.61089
336.55481
336.50582
336.45671
336.41979
336.38515
336.36303
336.3418
336.33089
336.3184
336.31389
336.30591
336.30435
336.29834
336.2979
336.29266
336.29255
336.2876
336.28757
336.28271
337.49876
337.48597
337.48605
337.47395
337.47285
337.45932
337.4554
337.43944
337.42972
337.40688
337.38967
337.36243
337.34045
337.30726
337.27653
337.2368
337.20298
337.164
337.12927
337.08588
337.04345
336.99507
336.95446
336.91636
336.89007
336.86413
336.84208
336.81049
336.77514
336.72721
336.67799
336.62223
336.573
336.52417
336.48702
336.45272
336.43042
336.4096
336.39858
336.38655
336.38197
336.37449
336.37287
336.36737
336.36688
336.36215
336.36202
336.35756
336.35752
336.35314
337.50048
337.4892
337.48945
337.47866
337.47772
337.46573
337.46254
337.44883
337.44073
337.42088
337.40603
337.38233
337.36322
337.33388
337.30627
337.27044
337.23978
337.20461
337.17293
337.13305
337.09326
337.04774
337.00901
336.97287
336.9476
336.92281
336.90114
336.8702
336.8349
336.78743
336.73816
336.68281
336.63352
336.58512
336.54792
336.51407
336.49173
336.47138
336.46031
336.44877
336.44413
336.43714
336.43548
336.43045
336.42993
336.42566
336.42551
336.4215
336.42145
336.41751
337.50134
337.49154
337.49201
337.48244
337.48163
337.47095
337.46831
337.45644
337.44959
337.43225
337.41936
337.39871
337.38206
337.35609
337.33126
337.29897
337.27122
337.23955
337.2107
337.1741
337.13685
337.09411
337.05727
337.02306
336.99881
336.97507
336.95369
336.92329
336.88801
336.84097
336.79174
336.73691
336.68774
336.63993
336.60285
336.56958
336.54732
336.5275
336.51646
336.50541
336.50076
336.49423
336.49254
336.48796
336.48741
336.48357
336.4834
336.4798
336.47974
336.47621
337.50155
337.49314
337.49385
337.48538
337.4847
337.47514
337.47289
337.46251
337.45662
337.44135
337.43006
337.412
337.39743
337.3744
337.35203
337.32292
337.29781
337.26933
337.24308
337.20951
337.17467
337.1346
337.09966
337.06733
337.04406
337.02127
337.00011
336.97012
336.93482
336.88821
336.83911
336.78491
336.73603
336.68895
336.65218
336.6196
336.59756
336.57833
336.56739
336.55683
336.55221
336.54612
336.54442
336.54025
336.53969
336.53624
336.53605
336.53283
336.53277
336.5296
337.50129
337.49413
337.49506
337.4876
337.48702
337.47842
337.47643
337.46725
337.46206
337.44847
337.43847
337.42257
337.40975
337.38924
337.36901
337.34274
337.32003
337.29441
337.27053
337.23972
337.20717
337.16963
337.13656
337.10605
337.08373
337.06176
337.04072
337.01104
336.97568
336.92949
336.88061
336.82715
336.77874
336.73255
336.69626
336.6645
336.64278
336.6242
336.61344
336.60339
336.59884
336.59316
336.59148
336.58769
336.58711
336.58402
336.58383
336.58095
336.58088
336.57805
337.5007
337.49463
337.49575
337.48918
337.48868
337.48088
337.47906
337.4708
337.46609
337.45384
337.44486
337.43074
337.41935
337.40097
337.38262
337.35885
337.33829
337.31524
337.29349
337.26518
337.23475
337.19962
337.16837
337.13959
337.11815
337.09689
337.07588
337.04639
337.01094
336.96517
336.91661
336.86401
336.81625
336.77109
336.73546
336.70461
336.68335
336.66547
336.65495
336.64542
336.64096
336.6357
336.63404
336.6306
336.63003
336.62726
336.62706
336.6245
336.62443
336.6219
337.4999
337.49473
337.496
337.49019
337.48975
337.48261
337.48085
337.47328
337.46886
337.45766
337.44946
337.43678
337.42654
337.40994
337.39319
337.37163
337.35298
337.3322
337.31234
337.28628
337.25783
337.22495
337.19545
337.1683
337.14767
337.12698
337.1059
337.0765
337.04096
336.99562
336.94748
336.89585
336.84891
336.80493
336.77011
336.74029
336.7196
336.70247
336.69225
336.68325
336.67893
336.67405
336.67244
336.66932
336.66876
336.66629
336.66608
336.6638
336.66373
336.66148
337.49896
337.49451
337.49588
337.49072
337.49029
337.48366
337.48187
337.47479
337.47049
337.46008
337.45245
337.44091
337.43156
337.41643
337.40104
337.3814
337.36445
337.34566
337.32747
337.30339
337.27675
337.24597
337.21813
337.1925
337.1726
337.15235
337.13111
337.10171
337.06606
337.02118
336.97358
336.92304
336.87709
336.83442
336.80056
336.77187
336.75185
336.73553
336.72567
336.7172
336.71303
336.70854
336.70698
336.70416
336.70361
336.70141
336.70121
336.69918
336.69911
336.69711
337.49792
337.49405
337.49547
337.49081
337.49033
337.48407
337.48217
337.47537
337.47106
337.4612
337.45396
337.44329
337.43462
337.42067
337.40644
337.38846
337.373
337.35593
337.33919
337.31686
337.29187
337.26302
337.23676
337.21252
337.19324
337.17329
337.15182
337.12234
337.0866
337.04221
336.99526
336.94593
336.90113
336.8599
336.82716
336.79968
336.78043
336.76494
336.7555
336.74757
336.74358
336.73945
336.73795
336.73542
336.73489
336.73293
336.73273
336.73094
336.73086
336.72909
337.49681
337.49338
337.49479
337.4905
337.48991
337.48387
337.48175
337.47507
337.47062
337.4611
337.4541
337.44407
337.43588
337.42286
337.4096
337.39305
337.37889
337.3633
337.3478
337.327
337.3035
337.27643
337.25163
337.22863
337.20987
337.19011
337.16833
337.13872
337.1029
337.05906
337.01288
336.96489
336.92139
336.88173
336.85022
336.82403
336.80563
336.79101
336.78203
336.77463
336.77085
336.76707
336.76565
336.76337
336.76286
336.76112
336.76093
336.75935
336.75928
336.7577
337.49563
337.49253
337.49388
337.48982
337.48904
337.48306
337.48063
337.47389
337.46918
337.45984
337.45294
337.44334
337.43547
337.42318
337.41072
337.3954
337.38237
337.36801
337.35357
337.33408
337.31194
337.28647
337.26302
337.24113
337.22278
337.20308
337.18093
337.15115
337.11531
337.07207
337.0268
336.98026
336.93821
336.90021
336.87006
336.84523
336.82775
336.81402
336.80553
336.79868
336.79512
336.79166
336.79032
336.78829
336.7878
336.78626
336.78609
336.78468
336.78462
336.78323
337.49437
337.49153
337.49276
337.48878
337.48771
337.48162
337.47879
337.47182
337.46677
337.45745
337.45054
337.4412
337.43351
337.42176
337.40997
337.39569
337.38362
337.37031
337.35675
337.33837
337.31743
337.29342
337.27119
337.25027
337.23222
337.21248
337.18991
337.15995
337.12414
337.08159
337.03735
336.99238
336.95192
336.91569
336.88699
336.86356
336.84706
336.83424
336.82627
336.81995
336.81662
336.81349
336.81224
336.81042
336.80996
336.8086
336.80843
336.8072
336.80714
336.80591
337.49301
337.49037
337.49143
337.48737
337.48589
337.47952
337.47618
337.46885
337.46335
337.45393
337.44692
337.43769
337.43007
337.41871
337.40748
337.39408
337.38283
337.37037
337.35754
337.34011
337.32023
337.29753
337.2764
337.25629
337.23844
337.21856
337.19555
337.16541
337.12972
337.08796
337.04488
337.00159
336.96283
336.92845
336.90129
336.87931
336.86382
336.85192
336.8445
336.83869
336.83561
336.83277
336.83161
336.82999
336.82958
336.82838
336.82822
336.82714
336.82707
336.82599
337.49154
337.48906
337.48987
337.48555
337.48353
337.47672
337.47275
337.46492
337.45892
337.44928
337.4421
337.43286
337.42522
337.41413
337.40336
337.3907
337.38015
337.36837
337.35613
337.33948
337.32056
337.29901
337.27886
337.25943
337.24168
337.22157
337.19813
337.16784
337.13236
337.09149
337.04971
337.0082
336.97127
336.9388
336.91324
336.89272
336.87829
336.8673
336.86043
336.85514
336.85229
336.84974
336.84868
336.84724
336.84686
336.84581
336.84566
336.84471
336.84465
336.8437
337.48996
337.48759
337.48805
337.48329
337.48058
337.47315
337.46845
337.46
337.45343
337.44348
337.43607
337.42673
337.41901
337.4081
337.39772
337.38568
337.37571
337.36447
337.35269
337.3367
337.31861
337.29809
337.27879
337.2599
337.24216
337.22178
337.19791
337.16754
337.13237
337.09251
337.05216
337.01254
336.97752
336.94701
336.92309
336.90405
336.89068
336.88061
336.87429
336.86949
336.86689
336.86461
336.86364
336.86237
336.86202
336.8611
336.86096
336.86013
336.86008
336.85924
337.48823
337.48594
337.48593
337.48052
337.47695
337.46872
337.46319
337.45402
337.44684
337.43652
337.42884
337.41933
337.41148
337.40068
337.39063
337.37912
337.36963
337.3588
337.34738
337.33193
337.31458
337.29495
337.27639
337.25792
337.24011
337.21942
337.19517
337.16478
337.13006
337.09133
337.05253
337.01489
336.98185
336.95334
336.93109
336.91353
336.90123
336.89203
336.88627
336.88194
336.87959
336.87755
336.87668
336.87556
336.87524
336.87444
336.87431
336.87359
336.87354
336.87281
337.48635
337.48408
337.48343
337.47713
337.47253
337.46333
337.45688
337.44691
337.43909
337.42836
337.42039
337.41065
337.40266
337.39192
337.38217
337.3711
337.36201
337.35148
337.34033
337.32533
337.30862
337.28977
337.27183
337.25368
337.23575
337.21473
337.19016
337.15986
337.12573
337.08824
337.05112
337.01552
336.98453
336.95803
336.93746
336.92136
336.91011
336.90178
336.89656
336.89268
336.89056
336.88876
336.88798
336.887
336.88671
336.88601
336.8859
336.88526
336.88522
336.88458
337.48429
337.48197
337.48047
337.47301
337.46721
337.45689
337.44945
337.43861
337.43015
337.41898
337.41071
337.40073
337.39259
337.38188
337.3724
337.36171
337.35293
337.34262
337.33168
337.31704
337.3009
337.28272
337.26531
337.24737
337.22928
337.20796
337.18315
337.15306
337.11965
337.08354
337.0482
337.01471
336.9858
336.96131
336.94241
336.92773
336.91752
336.91002
336.90533
336.90187
336.89998
336.89839
336.8977
336.89684
336.89659
336.89597
336.89588
336.89532
336.89529
336.89473
337.48203
337.47955
337.47692
337.46804
337.46084
337.44927
337.44079
337.42905
337.41996
337.40835
337.3998
337.38956
337.38128
337.37061
337.36138
337.35101
337.34249
337.33232
337.32153
337.30719
337.29156
337.27396
337.25699
337.23919
337.22093
337.19934
337.1744
337.14465
337.11211
337.0775
337.04403
337.01269
336.98588
336.96337
336.94612
336.93283
336.92363
336.91691
336.91273
336.90966
336.90799
336.9066
336.90599
336.90524
336.90502
336.90449
336.9044
336.90392
336.90389
336.9034
337.47954
337.47673
337.47264
337.46205
337.45329
337.44036
337.43081
337.41818
337.40849
337.39646
337.38764
337.37716
337.36877
337.35814
337.34916
337.33907
337.33076
337.32068
337.31001
337.29593
337.28074
337.26365
337.24703
337.22933
337.21089
337.1891
337.16415
337.13488
337.10337
337.07036
337.03885
337.00969
336.98497
336.96442
336.94877
336.93681
336.92857
336.9226
336.9189
336.9162
336.91473
336.91352
336.91299
336.91234
336.91215
336.91168
336.91161
336.91119
336.91116
336.91074
337.47678
337.47341
337.46747
337.45486
337.44439
337.43004
337.41943
337.40593
337.3957
337.38328
337.37424
337.36356
337.35509
337.34453
337.33579
337.32595
337.31782
337.3078
337.29721
337.28336
337.26857
337.25192
337.2356
337.21796
337.19938
337.17747
337.15265
337.12402
337.09367
337.06238
337.03288
337.00591
336.98326
336.96461
336.95051
336.93982
336.9325
336.92722
336.92397
336.92161
336.92034
336.91928
336.91882
336.91826
336.9181
336.9177
336.91763
336.91727
336.91725
336.91688
337.47371
337.46944
337.46119
337.44629
337.43401
337.41821
337.40657
337.39228
337.38157
337.36883
337.35962
337.34877
337.34028
337.32982
337.32134
337.31172
337.30374
337.29375
337.28324
337.2696
337.25519
337.23893
337.22287
337.20528
337.18661
337.16468
337.14014
337.1123
337.08326
337.05377
337.02632
337.00152
336.98091
336.96409
336.95148
336.94198
336.93552
336.9309
336.92806
336.92601
336.92491
336.924
336.92361
336.92312
336.92299
336.92264
336.92259
336.92227
336.92225
336.92194
337.47027
337.46465
337.45358
337.43615
337.42199
337.40478
337.39219
337.37719
337.36609
337.35311
337.34378
337.33284
337.32438
337.31406
337.30584
337.29644
337.28859
337.27863
337.26821
337.25477
337.24071
337.22481
337.20898
337.19146
337.17277
337.15096
337.12686
337.09996
337.07234
337.04472
337.01935
336.9967
336.97806
336.96299
336.95179
336.94341
336.93776
336.93373
336.93127
336.92951
336.92857
336.92778
336.92745
336.92704
336.92692
336.92662
336.92658
336.92631
336.92629
336.92601
337.46639
337.45882
337.4444
337.42424
337.40821
337.38967
337.37624
337.36065
337.34927
337.33614
337.32678
337.31581
337.30745
337.29731
337.28936
337.28018
337.27245
337.26253
337.2522
337.23899
337.22526
337.2097
337.19411
337.1767
337.15808
337.13652
337.11301
337.0872
337.06112
337.03542
337.01213
336.99157
336.97484
336.96143
336.95155
336.94421
336.9393
336.93581
336.93371
336.93219
336.9314
336.93073
336.93045
336.93009
336.93
336.92974
336.9297
336.92947
336.92945
336.92922
337.46198
337.45168
337.43339
337.41039
337.39255
337.37282
337.35871
337.34268
337.33114
337.31796
337.30864
337.29773
337.28952
337.27962
337.27197
337.263
337.2554
337.24553
337.23532
337.22235
337.20897
337.19375
337.17841
337.16116
337.14273
337.12157
337.09881
337.07422
337.04977
337.02602
337.00479
336.98626
336.97134
336.95949
336.95084
336.94446
336.94023
336.93723
336.93544
336.93415
336.93349
336.93292
336.93269
336.93238
336.93231
336.93208
336.93205
336.93185
336.93184
336.93164
337.45693
337.44292
337.42028
337.39443
337.37494
337.35423
337.3396
337.32331
337.31174
337.29862
337.28943
337.27866
337.27067
337.26105
337.25371
337.24498
337.23751
337.22773
337.21768
337.20498
337.19196
337.1771
337.16205
337.14504
337.12691
337.1063
337.08444
337.0612
337.03845
337.01666
336.99744
336.98086
336.96766
336.95727
336.94975
336.94424
336.94062
336.93807
336.93656
336.93547
336.93492
336.93443
336.93425
336.93398
336.93392
336.93373
336.93371
336.93353
336.93353
336.93335
337.4511
337.43221
337.40482
337.37624
337.35533
337.3339
337.31896
337.30259
337.29112
337.27818
337.2692
337.25867
337.25096
337.24168
337.23466
337.22618
337.21886
337.20922
337.19937
337.18698
337.17435
337.15989
337.14517
337.12851
337.1108
337.09089
337.07008
337.04829
337.02729
337.00745
336.99019
336.97546
336.96387
336.95482
336.94834
336.94362
336.94055
336.93839
336.93713
336.93621
336.93576
336.93535
336.9352
336.93497
336.93493
336.93476
336.93475
336.93459
336.93459
336.93444
337.44433
337.41918
337.38678
337.35574
337.33372
337.31186
337.29683
337.28059
337.26935
337.25672
337.24803
337.23782
337.23045
337.22156
337.21488
337.20668
337.19955
337.19009
337.18049
337.16847
337.15626
337.14225
337.12793
337.11172
337.09458
337.07552
337.05588
337.03563
337.0164
336.99849
336.9831
336.97012
336.96002
336.9522
336.94667
336.94265
336.94007
336.93825
336.93721
336.93644
336.93607
336.93573
336.93561
336.93542
336.93539
336.93524
336.93523
336.9351
336.9351
336.93497
337.4364
337.40342
337.36598
337.3329
337.31015
337.28819
337.2733
337.25739
337.24651
337.23431
337.226
337.2162
337.20922
337.20077
337.19446
337.18656
337.17965
337.17045
337.16114
337.14956
337.13782
337.12431
337.11049
337.09484
337.07841
337.06034
337.04197
337.02332
337.00587
336.98983
336.97624
336.96489
336.95616
336.94946
336.94476
336.94138
336.93922
336.93771
336.93685
336.93622
336.93592
336.93563
336.93554
336.93538
336.93535
336.93523
336.93522
336.93511
336.93511
336.935
337.42707
337.38455
337.3423
337.30774
337.2847
337.263
337.24848
337.23309
337.22271
337.21105
337.20319
337.19389
337.18735
337.17938
337.17345
337.16591
337.15925
337.15037
337.14143
337.13034
337.11913
337.10621
337.09297
337.07801
337.06242
337.04546
337.02847
337.01145
336.99577
336.98154
336.96963
336.9598
336.95232
336.94662
336.94268
336.93984
336.93806
336.93681
336.93612
336.93559
336.93536
336.93511
336.93505
336.93491
336.93489
336.93478
336.93478
336.93468
336.93468
336.93459
337.416
337.36222
337.31569
337.28035
337.25749
337.2364
337.22248
337.20782
337.19804
337.18704
337.1797
337.17097
337.16491
337.15746
337.15194
337.14479
337.13844
337.12995
337.12145
337.11093
337.10032
337.08807
337.07551
337.06137
337.04674
337.03101
337.01546
337.0001
336.98615
336.97364
336.96331
336.95486
336.94852
336.94372
336.94043
336.93808
336.93663
336.9356
336.93504
336.93461
336.93443
336.93423
336.93418
336.93406
336.93405
336.93395
336.93396
336.93387
336.93387
336.93379
337.40281
337.3361
337.28618
337.25086
337.22867
337.20856
337.19544
337.18168
337.1726
337.16237
337.15561
337.14752
337.14198
337.1351
337.12999
337.12329
337.1173
337.10928
337.10128
337.09142
337.08147
337.06999
337.05821
337.04501
337.03147
337.01706
337.00301
336.98931
336.97703
336.96615
336.95729
336.9501
336.94478
336.94077
336.93806
336.93613
336.93495
336.93411
336.93367
336.93332
336.93318
336.93301
336.93298
336.93287
336.93287
336.93279
336.93279
336.93272
336.93272
336.93265
337.38699
337.30596
337.2539
337.21949
337.19844
337.17963
337.1675
337.15481
337.14652
337.13715
337.13101
337.12363
337.11863
337.11235
337.10769
337.10149
337.09591
337.08844
337.08102
337.07189
337.06269
337.05207
337.04119
337.02905
337.01668
337.00368
336.99116
336.9791
336.96843
336.95908
336.95156
336.94552
336.94109
336.93778
336.93558
336.934
336.93306
336.93238
336.93204
336.93175
336.93165
336.93151
336.93149
336.9314
336.9314
336.93133
336.93134
336.93127
336.93128
336.93122
337.36787
337.2717
337.21907
337.18646
337.16699
337.14978
337.1388
337.12732
337.1199
337.11146
337.10599
337.09937
337.09493
337.0893
337.08511
337.07945
337.07435
337.06751
337.06074
337.05243
337.04406
337.03439
337.02451
337.01353
337.00245
336.99091
336.97993
336.96947
336.96034
336.95242
336.94612
336.94111
336.93748
336.93478
336.933
336.93173
336.93099
336.93045
336.93018
336.92995
336.92987
336.92976
336.92975
336.92967
336.92968
336.92962
336.92962
336.92957
336.92958
336.92953
337.3446
337.23332
337.18199
337.15203
337.13454
337.11919
337.10949
337.09933
337.09283
337.08541
337.08064
337.07482
337.07095
337.06599
337.0623
337.05725
337.05268
337.04655
337.0405
337.03309
337.02563
337.01702
337.00823
336.99852
336.98879
336.97875
336.96931
336.96041
336.95273
336.94614
336.94095
336.93686
336.93392
336.93175
336.93035
336.92934
336.92876
336.92833
336.92813
336.92795
336.92789
336.9278
336.92779
336.92773
336.92774
336.92769
336.92769
336.92765
336.92765
336.92761
337.31596
337.19102
337.14301
337.1165
337.10129
337.08802
337.0797
337.07097
337.06543
337.05907
337.05502
337.05004
337.04676
337.04251
337.03933
337.03494
337.03095
337.02562
337.02036
337.01392
337.00745
336.99999
336.99239
336.98403
336.97571
336.96721
336.95929
336.9519
336.94558
336.94021
336.93603
336.93276
336.93043
336.92872
336.92763
336.92684
336.9264
336.92607
336.92592
336.92577
336.92573
336.92566
336.92566
336.92561
336.92561
336.92557
336.92558
336.92554
336.92555
336.92551
337.28027
337.14515
337.10255
337.08013
337.06745
337.05642
337.04955
337.04233
337.03778
337.03252
337.0292
337.0251
337.02241
337.01889
337.01625
337.01257
337.00923
337.00475
337.00035
336.99497
336.98956
336.98332
336.97699
336.97005
336.9632
336.95624
336.94982
336.94388
336.93885
336.93461
336.93134
336.92879
336.927
336.92568
336.92485
336.92426
336.92393
336.92368
336.92357
336.92346
336.92343
336.92337
336.92337
336.92333
336.92334
336.92331
336.92331
336.92328
336.92329
336.92326
337.23504
337.09625
337.06101
337.04318
337.0332
337.02453
337.01916
337.0135
337.00995
337.00584
337.00326
337.00004
336.99796
336.99519
336.99311
336.99019
336.98753
336.98398
336.98049
336.97623
336.97194
336.96701
336.96201
336.95656
336.9512
336.94579
336.94084
336.93629
336.93247
336.92927
336.92683
336.92493
336.92361
336.92264
336.92204
336.9216
336.92137
336.92118
336.92111
336.92103
336.92101
336.92097
336.92097
336.92094
336.92094
336.92092
336.92092
336.9209
336.9209
336.92088
337.17644
337.04503
337.01877
337.00587
336.99869
336.99246
336.98861
336.98455
336.98202
336.97907
336.97722
336.97492
336.97343
336.97144
336.96994
336.96782
336.96589
336.96331
336.96078
336.95769
336.95459
336.95102
336.94741
336.94348
336.93964
336.93579
336.93228
336.92907
336.9264
336.92417
336.92247
336.92116
336.92026
336.9196
336.91919
336.9189
336.91874
336.91862
336.91857
336.91851
336.9185
336.91847
336.91847
336.91845
336.91846
336.91844
336.91844
336.91842
336.91843
336.91841
337.0983
336.99228
336.97615
336.96836
336.96405
336.9603
336.95799
336.95554
336.95403
336.95225
336.95115
336.94976
336.94887
336.94767
336.94676
336.94548
336.94431
336.94274
336.94121
336.93933
336.93746
336.9353
336.93311
336.93074
336.92843
336.92612
336.92403
336.92212
336.92054
336.91923
336.91823
336.91747
336.91694
336.91656
336.91632
336.91615
336.91606
336.91599
336.91596
336.91593
336.91593
336.91591
336.91591
336.9159
336.9159
336.91589
336.91589
336.91588
336.91588
336.91588
336.99024
336.9388
336.93339
336.93079
336.92935
336.9281
336.92733
336.92652
336.92601
336.92542
336.92505
336.92459
336.92429
336.92389
336.92359
336.92316
336.92276
336.92224
336.92173
336.9211
336.92047
336.91975
336.91902
336.91822
336.91745
336.91668
336.91599
336.91536
336.91483
336.9144
336.91407
336.91382
336.91365
336.91352
336.91345
336.91339
336.91336
336.91334
336.91333
336.91332
336.91332
336.91331
336.91331
336.91331
336.91331
336.9133
336.9133
336.9133
336.9133
336.9133
)
;

boundaryField
{
    inlet
    {
        type            fixedValue;
        value           uniform 337.5;
    }
    outlet
    {
        type            zeroGradient;
    }
    wall_membrane
    {
        type            groovyBC;
        refValue        nonuniform List<scalar> 
50
(
328.01642
327.98243
327.94845
327.91447
327.88049
327.8465
327.81252
327.77854
327.74455
327.71057
327.67659
327.64261
327.60862
327.57464
327.54066
327.50668
327.47269
327.43871
327.40473
327.37075
327.33676
327.30278
327.2688
327.23482
327.20083
327.16685
327.13287
327.09888
327.0649
327.03092
326.99694
326.96295
326.92897
326.89499
326.86101
326.82702
326.79304
326.75906
326.72508
326.69109
326.65711
326.62313
326.58914
326.55516
326.52118
326.4872
326.45321
326.41923
326.38525
326.35127
)
;
        refGradient     uniform 0;
        valueFraction   uniform 1;
        source          uniform 0;
        value           nonuniform List<scalar> 
50
(
328.01642
327.98243
327.94845
327.91447
327.88049
327.8465
327.81252
327.77854
327.74455
327.71057
327.67659
327.64261
327.60862
327.57464
327.54066
327.50668
327.47269
327.43871
327.40473
327.37075
327.33676
327.30278
327.2688
327.23482
327.20083
327.16685
327.13287
327.09888
327.0649
327.03092
326.99694
326.96295
326.92897
326.89499
326.86101
326.82702
326.79304
326.75906
326.72508
326.69109
326.65711
326.62313
326.58914
326.55516
326.52118
326.4872
326.45321
326.41923
326.38525
326.35127
)
;
        valueExpression "Tm";
        gradientExpression "0";
        fractionExpression "1";
        evaluateDuringConstruction 0;
        cyclicSlave     0;
        variables       
12
(
"T_a=337.5;"
"L=0.15;"
"Tp_in=300.7;"
"Tp_out=306.3;"
"T_p=Tp_out-(Tp_out-Tp_in)/L*pos().x;"
"delta_mem=0.0001;"
"lambda_mem=0.053;"
"lambda_alim=0.656;"
"delta_alim=0.001;"
"h_agua=620;"
"h_ef=(lambda_alim/delta_alim)*(1/h_agua+delta_mem/lambda_mem);"
"Tm=((Tp_out-(Tp_out-Tp_in)/L*pos().x)+h_ef*T_a)/(1+h_ef);"
)
;
        timelines       (
);
        lookuptables    (
);
        lookuptables2D  (
);
    }
    wall_up
    {
        type            groovyBC;
        refValue        uniform 336.912;
        refGradient     uniform 0;
        valueFraction   uniform 1;
        source          uniform 0;
        value           uniform 336.912;
        valueExpression "T_m";
        gradientExpression "0";
        fractionExpression "1";
        evaluateDuringConstruction 0;
        cyclicSlave     0;
        variables       
10
(
"T_a=337.5;"
"Text=298;"
"L=0.15;"
"delta_ext=0.0132;"
"lambda_ext=15;"
"lambda_alim=0.656;"
"delta_alim=0.001;"
"h_ext=10;"
"h_ef=lambda_alim/delta_alim*(1/h_ext+delta_ext/lambda_ext);"
"T_m=(Text+h_ef*T_a)/(1+h_ef);"
)
;
        timelines       (
);
        lookuptables    (
);
        lookuptables2D  (
);
    }
    sides
    {
        type            empty;
    }
}


// ************************************************************************* //
