/*--------------------------------*- C++ -*----------------------------------*\
| =========                 |                                                 |
| \\      /  F ield         | OpenFOAM: The Open Source CFD Toolbox           |
|  \\    /   O peration     | Version:  2312                                  |
|   \\  /    A nd           | Website:  www.openfoam.com                      |
|    \\/     M anipulation  |                                                 |
\*---------------------------------------------------------------------------*/
FoamFile
{
    version     2.0;
    format      ascii;
    arch        "LSB;label=32;scalar=64";
    class       volScalarField;
    location    "8";
    object      T;
}
// * * * * * * * * * * * * * * * * * * * * * * * * * * * * * * * * * * * * * //

dimensions      [0 0 0 1 0 0 0];

internalField   nonuniform List<scalar> 
4000
(
312.47898
311.77964
311.64204
311.60382
311.55953
311.52974
311.50096
311.47569
311.45121
311.42872
311.40618
311.38512
311.36377
311.34353
311.32302
311.3033
311.28341
311.26406
311.24464
311.22555
311.20651
311.1876
311.16887
311.15011
311.13163
311.11298
311.09472
311.07614
311.05807
311.03955
311.02165
311.00317
310.98542
310.96697
310.94935
310.93091
310.91343
310.89499
310.87763
310.85918
310.84195
310.82347
310.80637
310.78783
310.77088
310.75226
310.7355
310.71672
310.70029
310.68087
313.66658
312.53827
312.16588
312.08545
311.98757
311.93287
311.88125
311.8401
311.80136
311.76857
311.73563
311.7071
311.67775
311.65168
311.62484
311.60035
311.57536
311.55196
311.5284
311.50577
311.48334
311.46129
311.43978
311.41815
311.3974
311.37609
311.35599
311.33492
311.31539
311.2945
311.27546
311.25469
311.23611
311.21542
311.19725
311.1766
311.15882
311.13817
311.12077
311.10008
311.08306
311.06228
311.04566
311.02472
311.00855
310.98735
310.97175
310.95006
310.93545
310.91193
314.39961
313.26793
312.68536
312.56373
312.41367
312.33436
312.26025
312.20329
312.15048
312.10739
312.06419
312.02819
311.99093
311.95902
311.92591
311.89663
311.86661
311.83913
311.81148
311.7853
311.75952
311.7343
311.71004
311.68553
311.66254
311.63857
311.61666
311.59308
311.57211
311.54883
311.52869
311.50562
311.48622
311.46328
311.44457
311.42171
311.40364
311.38078
311.36334
311.34041
311.32361
311.30053
311.28438
311.26105
311.24565
311.22189
311.20744
311.18285
311.17004
311.14262
314.88483
313.94348
313.19291
313.03402
312.83492
312.73198
312.63622
312.56379
312.49731
312.44405
312.39084
312.34742
312.30243
312.2647
312.22548
312.19141
312.15646
312.12492
312.09325
312.06352
312.03446
312.00607
311.97912
311.95172
311.92655
311.89989
311.87622
311.85013
311.82775
311.80208
311.78086
311.75548
311.73529
311.7101
311.69088
311.66579
311.64746
311.62238
311.60493
311.57975
311.56318
311.5378
311.52215
311.49641
311.4818
311.45547
311.44217
311.41471
311.40364
311.37263
315.22079
314.54282
313.67868
313.49011
313.24733
313.12273
313.00681
312.9196
312.84019
312.77704
312.71428
312.66357
312.61119
312.56771
312.52261
312.48379
312.4441
312.4085
312.37298
312.3397
312.30749
312.27591
312.24639
312.21609
312.18881
312.15948
312.13411
312.1055
312.08178
312.05371
312.03146
312.00376
311.98284
311.9554
311.93569
311.90837
311.88982
311.86251
311.84507
311.81766
311.80134
311.77366
311.75852
311.73039
311.71657
311.68768
311.67553
311.64524
311.63583
311.60157
315.46085
315.05239
314.13246
313.92476
313.64614
313.50295
313.36914
313.26832
313.17707
313.10455
313.03291
312.9752
312.91588
312.86681
312.81618
312.77271
312.72855
312.68896
312.6498
312.613
312.5778
312.54308
312.51111
312.47794
312.44867
312.41666
312.3897
312.35857
312.33361
312.30313
312.27993
312.24993
312.22833
312.19863
312.1785
312.14896
312.13022
312.1007
312.0833
312.05365
312.03761
312.00765
311.99303
311.96254
311.94951
311.91811
311.90708
311.87404
311.86615
311.82901
315.63621
315.46579
314.54502
314.33043
314.02616
313.86857
313.71993
313.60722
313.50562
313.42452
313.34492
313.28064
313.21502
313.16063
313.10494
313.05699
313.00872
312.96525
312.92272
312.8825
312.84454
312.80672
312.7725
312.73649
312.70539
312.67074
312.64231
312.6087
312.58258
312.54974
312.52567
312.49338
312.47117
312.43924
312.41874
312.38701
312.36813
312.33642
312.31911
312.28725
312.27151
312.23931
312.22522
312.1924
312.18016
312.14631
312.13635
312.1007
312.09415
312.0545
315.76667
315.78466
314.90965
314.70023
314.38232
314.21539
314.05572
313.93335
313.82331
313.73472
313.64832
313.57811
313.50698
313.44768
313.3875
313.33534
313.2834
313.23624
313.1907
313.14718
313.10674
313.06593
313.02968
312.99091
312.95816
312.92095
312.89119
312.85515
312.82801
312.79285
312.76802
312.73349
312.71076
312.67664
312.65585
312.62196
312.603
312.56914
312.55195
312.51794
312.50253
312.46813
312.45459
312.41951
312.40803
312.37184
312.36287
312.32477
312.31938
312.27756
315.86562
316.01699
315.22262
315.02876
314.71011
314.53937
314.37307
314.24377
314.12754
314.03284
313.94105
313.86572
313.79006
313.72637
313.66241
313.60641
313.55134
313.50076
313.45261
313.406
313.36341
313.31976
313.28174
313.24034
313.20616
313.16648
313.13559
313.09721
313.06919
313.03178
313.00632
312.96961
312.94646
312.91022
312.88922
312.85323
312.83425
312.79831
312.7813
312.74519
312.73015
312.69362
312.68063
312.64338
312.63264
312.59422
312.58618
312.54582
312.54137
312.49771
315.94243
316.1753
315.48352
315.31292
315.00598
314.83698
314.66878
314.53563
314.41574
314.31659
314.22102
314.14158
314.06251
313.9951
313.92819
313.86881
313.81122
313.75756
313.7073
313.65785
313.6135
313.56722
313.52775
313.48388
313.44853
313.40651
313.3747
313.33409
313.30537
313.26582
313.23986
313.20107
313.17763
313.13935
313.11823
313.08023
313.06131
313.02336
313.00658
312.96846
312.95381
312.91526
312.90282
312.86352
312.85349
312.81299
312.80578
312.76339
312.75969
312.71447
316.00363
316.27435
315.69479
315.55211
315.26757
315.10547
314.94017
314.80643
314.68557
314.58383
314.48625
314.40388
314.32263
314.25229
314.18334
314.12116
314.06175
314.00544
313.9536
313.90165
313.85597
313.80732
313.76675
313.72063
313.68439
313.64022
313.60771
313.56503
313.5358
313.49424
313.46795
313.42721
313.40359
313.36339
313.34225
313.30236
313.28356
313.24374
313.22722
313.18722
313.17298
313.13254
313.12065
313.07944
313.07008
313.02768
313.02119
312.97701
312.97389
312.92735
316.054
316.32965
315.86125
315.74805
315.49389
315.3431
315.18521
315.05412
314.93505
314.83269
314.73495
314.65093
314.56884
314.49648
314.42647
314.36214
314.30168
314.24321
314.1904
314.13633
314.08979
314.03909
313.99779
313.94968
313.91286
313.86676
313.83382
313.78926
313.75974
313.71634
313.68989
313.64734
313.62369
313.58171
313.56066
313.51901
313.50043
313.45886
313.44267
313.40093
313.38713
313.34495
313.33359
313.29066
313.28191
313.23782
313.23195
313.18623
313.18354
313.13591
316.09664
316.3553
315.98919
315.9043
315.68536
315.54928
315.40274
315.27729
315.16262
315.06163
314.96562
314.8813
314.79974
314.72631
314.6563
314.59055
314.52982
314.46976
314.4166
314.36087
314.31398
314.26158
314.21998
314.17018
314.13312
314.08534
314.05224
314.00603
313.97644
313.93141
313.90497
313.86081
313.83727
313.7937
313.77286
313.72961
313.71133
313.66817
313.65237
313.60905
313.59572
313.55197
313.54115
313.49667
313.48849
313.44293
313.43758
313.39058
313.38819
313.33967
316.13384
316.36325
316.08548
316.02572
315.84377
315.72457
315.59246
315.47523
315.36732
315.2696
315.1771
315.09384
315.01417
314.94069
314.8717
314.8053
314.74515
314.68409
314.63125
314.57433
314.52763
314.47394
314.43246
314.38132
314.34437
314.29521
314.26224
314.21463
314.18521
314.13878
314.11256
314.06699
314.04372
313.99875
313.97823
313.93359
313.91569
313.87114
313.85578
313.81108
313.79823
313.75312
313.74282
313.69702
313.68935
313.64257
313.63765
313.58962
313.58743
313.53822
316.16694
316.36235
316.15692
316.11786
315.97199
315.87062
315.75498
315.64797
315.5488
315.45603
315.36868
315.28776
315.21127
315.13874
315.07181
315.00554
314.94677
314.88537
314.83349
314.77592
314.72993
314.67539
314.63448
314.58236
314.54588
314.49567
314.46313
314.41441
314.3854
314.33782
314.31202
314.26529
314.24245
314.1963
314.17623
314.13041
314.11299
314.06726
314.05239
314.00652
313.99419
313.94794
313.93814
313.89125
313.88405
313.83629
313.83172
313.78292
313.78086
313.73113
316.19691
316.35872
316.20965
316.18645
316.0737
315.98993
315.89174
315.79627
315.70731
315.62089
315.54008
315.46267
315.39053
315.31989
315.25598
315.19062
315.13402
315.0729
315.02264
314.96495
314.9202
314.86527
314.82536
314.77266
314.73702
314.6861
314.65429
314.60477
314.57642
314.52799
314.5028
314.45517
314.43292
314.38583
314.36634
314.31957
314.30271
314.25604
314.24173
314.19492
314.18312
314.13596
314.12667
314.07894
314.07216
314.02367
314.0194
313.97006
313.9681
313.91803
316.22428
316.35584
316.2489
316.23689
316.15298
316.08563
316.00483
315.92154
315.84373
315.76469
315.6915
315.61857
315.55179
315.4839
315.42386
315.36015
315.30643
315.24623
315.19819
315.14091
315.09792
315.04306
315.00457
314.9517
314.91725
314.86599
314.8352
314.78521
314.75776
314.70877
314.6844
314.63614
314.61464
314.56689
314.54809
314.50063
314.48443
314.43705
314.42335
314.37586
314.36462
314.3168
314.308
314.25969
314.2533
314.20434
314.20032
314.15066
314.14879
314.09855
316.24942
316.35541
316.2788
316.27393
316.21398
316.16114
316.09685
316.02568
315.95942
315.88838
315.82357
315.75588
315.69524
315.63083
315.5754
315.51399
315.4638
315.40509
315.35982
315.30347
315.26271
315.20838
315.17171
315.11908
315.08616
315.03492
315.00544
314.95532
314.929
314.87976
314.85639
314.80781
314.7872
314.73907
314.72109
314.6732
314.65773
314.60992
314.59688
314.54895
314.5383
314.49009
314.48178
314.43313
314.42712
314.37794
314.37413
314.3244
314.32259
314.27238
316.27257
316.35778
316.30249
316.30152
316.26058
316.21997
316.17065
316.11099
316.05616
315.99337
315.93732
315.87538
315.82143
315.76108
315.71081
315.65227
315.60614
315.54946
315.50743
315.4525
315.41437
315.36101
315.32653
315.27453
315.24345
315.1926
315.16469
315.11477
315.08981
315.04064
315.01846
314.96984
314.95028
314.90204
314.88498
314.83695
314.8223
314.77431
314.762
314.7139
314.70386
314.65551
314.6477
314.59897
314.59333
314.54416
314.54056
314.49096
314.48922
314.43922
316.29391
316.36263
316.32215
316.3227
316.29625
316.26545
316.22918
316.17997
316.13601
316.08133
316.03409
315.97815
315.93121
315.87531
315.83061
315.77538
315.73373
315.67952
315.64112
315.58804
315.5529
315.50092
315.46894
315.41795
315.38898
315.33887
315.31276
315.26338
315.23998
315.19119
315.17036
315.122
315.10362
315.05555
315.03953
314.99162
314.97787
314.92997
314.91843
314.87042
314.86103
314.8128
314.80549
314.75694
314.75165
314.70274
314.69935
314.65009
314.64842
314.59882
316.3136
316.36933
316.33922
316.33973
316.3239
316.30058
316.27525
316.23515
316.20116
316.15414
316.11546
316.06553
316.02566
315.97444
315.93553
315.88395
315.84704
315.79566
315.76119
315.71032
315.67846
315.62821
315.59898
315.54936
315.52273
315.4737
315.44959
315.40107
315.37939
315.33128
315.31195
315.26414
315.24706
315.19945
315.18456
315.13704
315.12426
315.07672
315.06599
315.01834
315.00961
314.96175
314.95496
314.90683
314.9019
314.85347
314.85029
314.80157
314.8
314.75098
316.33175
316.37721
316.3546
316.35413
316.34582
316.32792
316.31145
316.27897
316.25383
316.21379
316.18315
316.13903
316.10608
316.0596
316.02652
315.97877
315.94675
315.89848
315.86812
315.81976
315.79137
315.74316
315.71689
315.66894
315.64483
315.59717
315.57524
315.52786
315.50805
315.46091
315.44319
315.39622
315.38054
315.33366
315.31997
315.2731
315.26135
315.21443
315.20456
315.15751
315.14947
315.10223
315.09597
315.04849
315.04393
314.9962
314.99323
314.94526
314.94379
314.89553
316.34852
316.38574
316.36879
316.3669
316.36377
316.34956
316.34003
316.31367
316.29615
316.26224
316.23894
316.20025
316.17388
316.13204
316.10467
316.06084
316.03371
315.98871
315.96254
315.91691
315.89211
315.84619
315.823
315.77698
315.75553
315.70951
315.68987
315.6439
315.62608
315.58016
315.56416
315.51827
315.50408
315.45818
315.44575
315.3998
315.38912
315.34305
315.33408
315.28787
315.28055
315.23415
315.22844
315.18182
315.17764
315.13082
315.12808
315.08104
315.07968
315.03238
316.36403
316.39448
316.38203
316.37864
316.37898
316.36711
316.36284
316.34122
316.33006
316.30137
316.28457
316.25081
316.23053
316.19311
316.1712
316.13123
316.10889
316.06723
316.04522
316.00247
315.98129
315.93785
315.91779
315.87392
315.85519
315.81105
315.79377
315.74945
315.73368
315.68923
315.67502
315.63045
315.61779
315.5731
315.562
315.51718
315.50761
315.46263
315.45458
315.40942
315.40285
315.3575
315.35235
315.30681
315.30302
315.25728
315.2548
315.20887
315.20762
315.16145
316.3784
316.40318
316.39445
316.38965
316.3923
316.38178
316.38139
316.36329
316.35728
316.3329
316.32171
316.29229
316.2775
316.24418
316.22734
316.1911
316.17333
316.13499
316.11704
316.07724
316.05962
316.01878
316.00186
315.96029
315.94431
315.90222
315.88734
315.84485
315.83119
315.7884
315.776
315.73297
315.72188
315.67862
315.66886
315.62538
315.61695
315.57326
315.56615
315.52225
315.51643
315.47233
315.46776
315.42346
315.42009
315.37561
315.37339
315.32873
315.32761
315.28273
316.39173
316.41167
316.40611
316.40008
316.40429
316.39442
316.39681
316.38122
316.37927
316.35832
316.35186
316.32617
316.31622
316.2866
316.27438
316.24164
316.22813
316.19303
316.17893
316.14207
316.12791
316.08973
316.07588
316.03672
316.02345
315.98354
315.97105
315.93056
315.91898
315.87803
315.86747
315.82613
315.81663
315.77497
315.76657
315.72462
315.71733
315.67512
315.66895
315.6265
315.62143
315.57876
315.57476
315.53189
315.52893
315.48588
315.48392
315.44069
315.4397
315.39626
316.40414
316.41987
316.41703
316.41
316.41527
316.40561
316.40996
316.39606
316.39723
316.37895
316.37635
316.35378
316.34798
316.32163
316.31352
316.28401
316.2744
316.24237
316.23187
316.19789
316.18699
316.15148
316.14058
316.10387
316.09324
316.0556
316.04545
316.00706
315.99755
315.95857
315.94981
315.91033
315.90239
315.86249
315.85543
315.81516
315.80901
315.76843
315.76321
315.72235
315.71804
315.67694
315.67353
315.63222
315.62969
315.58819
315.58651
315.54484
315.54399
315.50212
316.4157
316.42776
316.42723
316.4194
316.42542
316.41573
316.42142
316.40862
316.41212
316.39583
316.39633
316.37631
316.374
316.35047
316.34594
316.31934
316.3132
316.28405
316.27684
316.24562
316.23776
316.20487
316.19674
316.1625
316.15437
316.11905
316.11115
316.07494
316.06743
316.03051
316.0235
315.98598
315.97958
315.94155
315.93581
315.89736
315.89232
315.8535
315.8492
315.81007
315.80651
315.76711
315.76428
315.72466
315.72255
315.68273
315.68133
315.64133
315.64063
315.60044
316.4265
316.43532
316.43674
316.42829
316.43487
316.42501
316.43161
316.41948
316.42467
316.40985
316.41275
316.39477
316.3953
316.37418
316.37268
316.34867
316.34557
316.31906
316.31479
316.28617
316.28109
316.25073
316.24516
316.21336
316.20757
316.17458
316.16879
316.13481
316.12919
316.09439
316.08906
316.05358
316.04865
316.01259
316.00813
315.97158
315.96763
315.93067
315.92727
315.88997
315.88714
315.84954
315.84728
315.80945
315.80775
315.76972
315.76859
315.73037
315.7298
315.6914
316.43659
316.44256
316.44558
316.43666
316.44365
316.43358
316.44078
316.42904
316.43543
316.42164
316.42636
316.40999
316.41279
316.39367
316.39469
316.37295
316.37246
316.34833
316.34663
316.32044
316.31784
316.28989
316.28665
316.2572
316.25357
316.22287
316.21905
316.18728
316.18344
316.15079
316.14705
316.11364
316.11012
316.07607
316.07283
316.03825
316.03534
316.00032
315.99779
315.96238
315.96026
315.92455
315.92284
315.88687
315.88558
315.8494
315.84854
315.81217
315.81174
315.7752
316.44603
316.44947
316.45379
316.4445
316.4518
316.44152
316.44912
316.43758
316.44479
316.43173
316.43778
316.42266
316.42721
316.40976
316.41281
316.39302
316.3947
316.37272
316.37322
316.34927
316.34883
316.32314
316.32197
316.29479
316.2931
316.26462
316.2626
316.23302
316.23082
316.2003
316.19804
316.16673
316.1645
316.13251
316.1304
316.09784
316.09591
316.06286
316.06116
316.02771
316.02625
315.99248
315.9913
315.95725
315.95635
315.92208
315.92148
315.88702
315.88672
315.8521
316.45487
316.45606
316.46138
316.4518
316.45932
316.44886
316.45671
316.44529
316.45302
316.44048
316.44747
316.43331
316.43919
316.42309
316.42775
316.40962
316.41308
316.39298
316.39534
316.37341
316.37482
316.35124
316.35188
316.32683
316.32687
316.30053
316.30012
316.27267
316.27194
316.24353
316.24261
316.21338
316.21235
316.18241
316.18136
316.15082
316.1498
316.11875
316.11781
316.08634
316.08552
316.0537
316.05303
316.02093
316.0204
315.98807
315.98772
315.95521
315.95503
315.92236
316.46312
316.46231
316.46838
316.45857
316.46621
316.45563
316.46361
316.45226
316.46031
316.44816
316.45578
316.44236
316.44919
316.43421
316.44009
316.42339
316.42825
316.4098
316.41367
316.39356
316.39653
316.37488
316.37707
316.35402
316.35555
316.33125
316.33225
316.30685
316.30744
316.28107
316.28136
316.25416
316.25422
316.2263
316.22621
316.19768
316.19749
316.16844
316.16821
316.13872
316.13848
316.10863
316.10842
316.07828
316.0781
316.04773
316.04761
316.01705
316.01699
315.98629
316.47082
316.46821
316.47478
316.46479
316.47249
316.46182
316.46986
316.45859
316.4668
316.45494
316.46295
316.45014
316.45762
316.44356
316.45032
316.43483
316.44076
316.42377
316.42884
316.41036
316.4146
316.39471
316.39818
316.37698
316.37978
316.35739
316.35961
316.33616
316.33789
316.3135
316.31484
316.28962
316.29064
316.2647
316.26547
316.23891
316.23947
316.21239
316.2128
316.18527
316.18557
316.15768
316.15788
316.1297
316.12984
316.10141
316.1015
316.0729
316.07294
316.0442
316.47797
316.47372
316.48058
316.47044
316.47813
316.46744
316.47547
316.46429
316.47255
316.46096
316.46918
316.45686
316.46476
316.45147
316.45885
316.44439
316.45111
316.43538
316.44136
316.42434
316.42957
316.41128
316.41579
316.39631
316.40015
316.37955
316.38279
316.36117
316.36388
316.34137
316.34362
316.3203
316.32216
316.29813
316.29965
316.27501
316.27623
316.25107
316.25205
316.22645
316.22721
316.20125
316.20183
316.17557
316.17599
316.1495
316.14978
316.1231
316.12324
316.09644
316.48453
316.47878
316.48575
316.47552
316.48315
316.47248
316.48045
316.46941
316.47765
316.4663
316.47459
316.46271
316.47084
316.4582
316.46597
316.4524
316.45967
316.44504
316.4517
316.43596
316.44195
316.42511
316.43043
316.41251
316.41718
316.39824
316.40231
316.38242
316.38594
316.3652
316.36821
316.3467
316.34926
316.32707
316.32923
316.30644
316.30824
316.28494
316.28641
316.26268
316.26386
316.23976
316.24068
316.21629
316.21697
316.19236
316.1928
316.16802
316.16824
316.14334
316.49041
316.48332
316.49026
316.48
316.48752
316.47694
316.48482
316.47396
316.48211
316.47102
316.47929
316.46781
316.47602
316.46396
316.47195
316.45916
316.46676
316.45311
316.46022
316.44563
316.45217
316.43662
316.44255
316.42605
316.43137
316.41395
316.41867
316.40039
316.40455
316.38547
316.3891
316.3693
316.37245
316.352
316.35469
316.33367
316.33594
316.31443
316.31632
316.29439
316.29592
316.27364
316.27484
316.25227
316.25316
316.23037
316.23096
316.20801
316.20831
316.18524
316.49545
316.48724
316.49408
316.48386
316.49126
316.48082
316.48858
316.47795
316.48597
316.47518
316.48335
316.47226
316.48044
316.46891
316.47697
316.46487
316.47265
316.45986
316.46724
316.45368
316.46057
316.44619
316.45254
316.43733
316.44312
316.42709
316.4323
316.4155
316.42015
316.40263
316.40674
316.38855
316.39215
316.37335
316.37647
316.35713
316.35979
316.33998
316.3422
316.32199
316.32381
316.30326
316.3047
316.28388
316.28495
316.26392
316.26463
316.24344
316.2438
316.22251
316.49945
316.49046
316.49719
316.48709
316.49436
316.48414
316.49177
316.48141
316.48928
316.47879
316.48682
316.47611
316.48419
316.47316
316.48118
316.46971
316.47753
316.46551
316.47302
316.46037
316.46746
316.45413
316.46075
316.44671
316.4528
316.43805
316.4436
316.42815
316.43317
316.41707
316.42154
316.40484
316.40879
316.39153
316.39497
316.37721
316.38017
316.36197
316.36446
316.34588
316.34793
316.32903
316.33066
316.3115
316.31271
316.29335
316.29416
316.27466
316.27506
316.25546
316.50228
316.49294
316.49959
316.48972
316.49687
316.48692
316.4944
316.48435
316.49204
316.4819
316.48975
316.47944
316.48736
316.4768
316.48469
316.47381
316.48157
316.47025
316.47776
316.46594
316.47309
316.46071
316.46745
316.45446
316.46073
316.44713
316.45289
316.43869
316.44393
316.42915
316.43387
316.41854
316.42274
316.4069
316.41059
316.39429
316.39748
316.38078
316.38347
316.36642
316.36865
316.3513
316.35307
316.33548
316.33681
316.31903
316.31991
316.302
316.30245
316.28445
316.50392
316.49468
316.50132
316.49176
316.4988
316.48918
316.4965
316.48681
316.49431
316.48454
316.49218
316.48228
316.48999
316.4799
316.48761
316.47727
316.48489
316.47422
316.48163
316.47055
316.47767
316.46614
316.47289
316.46086
316.46718
316.45463
316.46048
316.44741
316.45277
316.43919
316.44404
316.42998
316.43433
316.41981
316.42365
316.40872
316.41205
316.39674
316.39958
316.38395
316.3863
316.37041
316.37228
316.35616
316.35757
316.34128
316.34221
316.3258
316.32627
316.30979
316.50453
316.49575
316.50242
316.49327
316.5002
316.49096
316.49812
316.48881
316.49612
316.48674
316.49416
316.48467
316.49215
316.48252
316.49
316.48019
316.48759
316.47752
316.48476
316.47437
316.48135
316.47059
316.47725
316.46608
316.47236
316.46076
316.4666
316.45455
316.45994
316.44745
316.45235
316.43945
316.44386
316.43055
316.43446
316.42079
316.42419
316.41019
316.41309
316.3988
316.40121
316.38667
316.3886
316.37386
316.37531
316.36041
316.36138
316.34637
316.34686
316.33178
316.5044
316.49629
316.50301
316.49431
316.50114
316.49231
316.49931
316.49041
316.4975
316.48854
316.49572
316.48666
316.49388
316.48471
316.49193
316.48261
316.48976
316.48025
316.48725
316.47749
316.48427
316.47421
316.48071
316.47032
316.47647
316.46571
316.47147
316.46034
316.46567
316.45417
316.45904
316.44719
316.45159
316.43939
316.4433
316.43077
316.4342
316.42138
316.42431
316.41123
316.41368
316.40038
316.40234
316.38886
316.39033
316.37672
316.37771
316.36399
316.36449
316.35072
316.50385
316.49644
316.50318
316.49496
316.50168
316.49329
316.5001
316.49163
316.49851
316.48997
316.4969
316.48828
316.49523
316.48651
316.49344
316.4846
316.49146
316.48247
316.48919
316.48001
316.48653
316.47711
316.48338
316.47369
316.47964
316.46966
316.47525
316.46496
316.47015
316.45956
316.46432
316.45342
316.45774
316.44654
316.4504
316.43892
316.44231
316.43058
316.43348
316.42152
316.42395
316.4118
316.41375
316.40144
316.40291
316.39048
316.39146
316.37895
316.37944
316.36687
316.50312
316.49634
316.50304
316.49529
316.50189
316.49394
316.50057
316.49253
316.49918
316.49108
316.49775
316.48956
316.49622
316.48794
316.49456
316.48619
316.49273
316.48423
316.49064
316.48199
316.48821
316.47937
316.48536
316.47631
316.48201
316.47272
316.47809
316.46855
316.47355
316.46376
316.46837
316.45832
316.46251
316.45222
316.45597
316.44544
316.44874
316.438
316.44084
316.4299
316.43227
316.42117
316.42308
316.41184
316.41328
316.40193
316.4029
316.39148
316.39196
316.3805
316.50235
316.49609
316.50267
316.49539
316.50183
316.49433
316.50075
316.49315
316.49957
316.49189
316.49829
316.49053
316.49689
316.48905
316.49534
316.48741
316.49361
316.48558
316.49165
316.48348
316.48937
316.48106
316.48673
316.47825
316.48366
316.47499
316.48009
316.47123
316.47599
316.46692
316.47133
316.46205
316.46606
316.45658
316.46019
316.45051
316.45369
316.44383
316.44657
316.43656
316.43885
316.4287
316.43055
316.42027
316.42167
316.41131
316.41224
316.40182
316.40229
316.39183
316.50159
316.49577
316.50216
316.4953
316.50156
316.4945
316.5007
316.49353
316.4997
316.49244
316.49856
316.49122
316.49727
316.48984
316.4958
316.48829
316.49414
316.48653
316.49223
316.48452
316.49005
316.48222
316.48754
316.47958
316.48466
316.47655
316.48135
316.47309
316.47758
316.46916
316.47331
316.46473
316.46853
316.45978
316.4632
316.45429
316.45731
316.44826
316.45087
316.44168
316.44387
316.43457
316.43634
316.42694
316.42828
316.4188
316.4197
316.41018
316.41063
316.40107
316.50084
316.49541
316.50155
316.49509
316.50113
316.49449
316.50046
316.49371
316.49961
316.49277
316.4986
316.49166
316.49738
316.49035
316.49596
316.48883
316.49431
316.4871
316.49243
316.48512
316.49028
316.48288
316.48783
316.48033
316.48506
316.47745
316.48193
316.4742
316.47839
316.47054
316.47443
316.46646
316.47001
316.46192
316.46512
316.4569
316.45974
316.45141
316.45387
316.44542
316.44749
316.43896
316.44063
316.43202
316.43328
316.42461
316.42546
316.41674
316.41717
316.40843
316.5001
316.49503
316.50087
316.49479
316.50059
316.49435
316.50007
316.49372
316.49935
316.4929
316.49841
316.49186
316.49724
316.49058
316.49582
316.48906
316.49415
316.4873
316.49224
316.48531
316.49006
316.48306
316.48763
316.48054
316.4849
316.47774
316.48186
316.47461
316.47849
316.47115
316.47474
316.46732
316.47061
316.4631
316.46607
316.45846
316.4611
316.45341
316.4557
316.44792
316.44985
316.442
316.44356
316.43565
316.43683
316.42888
316.42967
316.42169
316.42209
316.41408
316.49936
316.49465
316.50015
316.49442
316.49996
316.4941
316.49956
316.49358
316.49892
316.49284
316.49803
316.49183
316.49686
316.49053
316.49539
316.48896
316.49365
316.48713
316.49166
316.48507
316.48942
316.48276
316.48694
316.48022
316.4842
316.47743
316.4812
316.47437
316.47791
316.47103
316.47432
316.46738
316.4704
316.4634
316.46613
316.45906
316.46149
316.45436
316.45647
316.44928
316.45106
316.44383
316.44527
316.43799
316.43908
316.43177
316.4325
316.42516
316.42553
316.41817
316.4986
316.49426
316.49941
316.49401
316.49928
316.49377
316.49895
316.49332
316.49836
316.49261
316.49746
316.49157
316.49623
316.4902
316.49466
316.48853
316.49281
316.48658
316.49069
316.4844
316.48834
316.48199
316.48576
316.47938
316.48297
316.47655
316.47995
316.4735
316.4767
316.47022
316.4732
316.46668
316.46942
316.46287
316.46535
316.45877
316.46098
316.45435
316.45627
316.44961
316.45123
316.44454
316.44586
316.43914
316.44013
316.43339
316.43406
316.4273
316.42764
316.42086
316.49784
316.49387
316.49864
316.49356
316.49854
316.49338
316.49826
316.49295
316.49766
316.49221
316.4967
316.49108
316.49534
316.48958
316.49362
316.48774
316.4916
316.48563
316.48931
316.48328
316.4868
316.48073
316.48409
316.478
316.4812
316.4751
316.47813
316.47202
316.47487
316.46875
316.47141
316.46528
316.46772
316.46158
316.46381
316.45765
316.45963
316.45346
316.45518
316.44899
316.45045
316.44424
316.44543
316.43921
316.4401
316.43387
316.43447
316.42822
316.42853
316.42227
316.49705
316.49347
316.49784
316.49309
316.49777
316.49292
316.49749
316.49247
316.49683
316.49163
316.49572
316.49034
316.49418
316.48863
316.49224
316.48658
316.49
316.48425
316.4875
316.48169
316.48479
316.47896
316.48192
316.47609
316.4789
316.47307
316.47573
316.46992
316.47243
316.46663
316.46897
316.46318
316.46534
316.45956
316.46153
316.45575
316.45751
316.45173
316.45327
316.44749
316.44879
316.44301
316.44407
316.43828
316.43908
316.4333
316.43384
316.42804
316.42831
316.42251
316.49623
316.49307
316.49703
316.49259
316.49697
316.49241
316.49664
316.49187
316.49584
316.49085
316.49451
316.48931
316.4927
316.48733
316.49049
316.485
316.48797
316.48241
316.48522
316.47961
316.48228
316.47667
316.47922
316.47361
316.47604
316.47046
316.47276
316.46721
316.46939
316.46387
316.4659
316.46042
316.4623
316.45684
316.45856
316.45312
316.45465
316.44923
316.45058
316.44517
316.44631
316.44091
316.44184
316.43645
316.43715
316.43176
316.43224
316.42685
316.42709
316.42169
316.49538
316.49266
316.4962
316.49207
316.49613
316.49183
316.49571
316.49112
316.49467
316.48982
316.49303
316.48796
316.49088
316.48564
316.48832
316.48297
316.48548
316.48007
316.48244
316.477
316.47925
316.47382
316.47597
316.47057
316.47262
316.46726
316.46921
316.4639
316.46575
316.46049
316.46222
316.45701
316.45862
316.45345
316.45492
316.44978
316.4511
316.446
316.44716
316.44208
316.44307
316.43801
316.43881
316.43377
316.43438
316.42935
316.42976
316.42473
316.42493
316.41989
316.4945
316.49225
316.49534
316.49152
316.49526
316.49118
316.49465
316.49019
316.49327
316.48851
316.49122
316.48623
316.48864
316.48349
316.48569
316.48044
316.48248
316.47719
316.47912
316.47382
316.47566
316.47039
316.47215
316.46693
316.46862
316.46346
316.46507
316.45997
316.46151
316.45648
316.45793
316.45296
316.45431
316.4494
316.45063
316.44577
316.44689
316.44207
316.44305
316.43827
316.43911
316.43436
316.43504
316.43031
316.43083
316.42611
316.42647
316.42175
316.42193
316.41721
316.49356
316.49183
316.49446
316.49096
316.49432
316.49041
316.49343
316.48902
316.49159
316.48685
316.48902
316.48405
316.48594
316.48083
316.48253
316.47735
316.47893
316.47373
316.47522
316.47005
316.47148
316.46636
316.46774
316.46269
316.46402
316.45904
316.46033
316.45543
316.45667
316.45185
316.45302
316.44828
316.44938
316.44471
316.44573
316.44112
316.44204
316.43748
316.43829
316.43378
316.43448
316.43
316.43057
316.42612
316.42656
316.42213
316.42242
316.418
316.41815
316.41372
316.49258
316.49141
316.49355
316.49036
316.4933
316.48948
316.49198
316.48755
316.48954
316.48475
316.48635
316.48136
316.48269
316.4776
316.47879
316.47365
316.47476
316.46965
316.47071
316.46565
316.46668
316.46169
316.46271
316.45781
316.45881
316.454
316.45499
316.45027
316.45123
316.44661
316.44752
316.44299
316.44386
316.43941
316.44022
316.43584
316.43658
316.43226
316.43291
316.42865
316.42921
316.42499
316.42545
316.42126
316.42162
316.41744
316.41769
316.41352
316.41364
316.40947
316.49153
316.49101
316.49261
316.4897
316.49214
316.48832
316.49023
316.48567
316.48704
316.48214
316.48312
316.47806
316.47884
316.47372
316.4744
316.4693
316.46995
316.46489
316.46555
316.46058
316.46124
316.45637
316.45705
316.45229
316.45298
316.44833
316.44903
316.44449
316.44519
316.44075
316.44143
316.4371
316.43775
316.43351
316.43413
316.42996
316.43053
316.42644
316.42695
316.42291
316.42335
316.41936
316.41972
316.41577
316.41605
316.41211
316.41231
316.40838
316.40848
316.40455
316.49042
316.49065
316.49161
316.48896
316.49077
316.48686
316.48806
316.4833
316.48398
316.4789
316.47925
316.47408
316.47429
316.46913
316.46932
316.46422
316.46443
316.45944
316.45969
316.45482
316.45513
316.45038
316.45074
316.44612
316.44652
316.44203
316.44246
316.43809
316.43855
316.4343
316.43476
316.43062
316.43108
316.42703
316.42747
316.42351
316.42393
316.42004
316.42042
316.41659
316.41692
316.41315
316.41342
316.40969
316.4099
316.40619
316.40633
316.40263
316.4027
316.39899
316.48923
316.49037
316.49053
316.48808
316.48909
316.48496
316.48537
316.48029
316.48023
316.47493
316.47463
316.46933
316.46898
316.46377
316.46347
316.45839
316.45818
316.45324
316.45313
316.44835
316.44833
316.4437
316.44377
316.43929
316.43943
316.4351
316.43529
316.43109
316.43133
316.42725
316.42752
316.42356
316.42385
316.41999
316.42028
316.41651
316.41679
316.4131
316.41336
316.40973
316.40997
316.4064
316.40659
316.40306
316.40321
316.39971
316.39981
316.39631
316.39637
316.39286
316.48795
316.49019
316.48932
316.48697
316.48699
316.48248
316.48199
316.47652
316.47569
316.47013
316.46917
316.46374
316.46285
316.45759
316.45683
316.45176
316.45117
316.44629
316.44584
316.44116
316.44085
316.43634
316.43615
316.43181
316.43172
316.42754
316.42753
316.42349
316.42354
316.41964
316.41974
316.41596
316.41609
316.41241
316.41256
316.40898
316.40914
316.40564
316.4058
316.40237
316.40251
316.39914
316.39926
316.39593
316.39602
316.39271
316.39278
316.38948
316.38952
316.38621
316.48658
316.49016
316.4879
316.4855
316.48428
316.47927
316.47778
316.47185
316.47023
316.46439
316.4628
316.45723
316.45583
316.45053
316.44935
316.44432
316.44336
316.43857
316.43782
316.43324
316.43267
316.4283
316.42788
316.42369
316.42339
316.41938
316.41918
316.41531
316.4152
316.41147
316.41142
316.40782
316.40781
316.40433
316.40435
316.40096
316.40101
316.3977
316.39777
316.39453
316.39459
316.39141
316.39147
316.38832
316.38837
316.38525
316.38529
316.38218
316.3822
316.37908
316.48511
316.49029
316.48614
316.48351
316.48078
316.47514
316.47257
316.46614
316.46374
316.45763
316.45544
316.44976
316.44788
316.44257
316.44102
316.43603
316.43477
316.43007
316.42906
316.42461
316.42382
316.41959
316.41897
316.41495
316.41447
316.41062
316.41027
316.40658
316.40632
316.40278
316.4026
316.39918
316.39906
316.39576
316.39568
316.39248
316.39244
316.38931
316.3893
316.38624
316.38624
316.38324
316.38325
316.38029
316.3803
316.37736
316.37737
316.37445
316.37445
316.37151
316.48352
316.49055
316.48387
316.48077
316.47628
316.46988
316.46621
316.45927
316.45612
316.44977
316.44704
316.44128
316.43899
316.4337
316.43182
316.42691
316.42539
316.42081
316.41958
316.41528
316.41429
316.41023
316.40945
316.4056
316.40498
316.40131
316.40083
316.39732
316.39695
316.39359
316.3933
316.39007
316.38986
316.38674
316.38658
316.38356
316.38344
316.3805
316.38042
316.37755
316.3775
316.37468
316.37464
316.37186
316.37184
316.36908
316.36907
316.36632
316.36631
316.36355
316.48179
316.49086
316.48084
316.47701
316.47054
316.46332
316.45856
316.45114
316.4473
316.44076
316.43756
316.43177
316.42914
316.42391
316.42177
316.41697
316.41524
316.41081
316.40941
316.40527
316.40414
316.40026
316.39934
316.39568
316.39494
316.39147
316.39088
316.38757
316.3871
316.38393
316.38356
316.38052
316.38023
316.3773
316.37707
316.37424
316.37406
316.37131
316.37118
316.36849
316.36839
316.36575
316.36568
316.36308
316.36303
316.36045
316.36042
316.35785
316.35783
316.35525
316.47988
316.49101
316.47678
316.47195
316.46334
316.45529
316.4495
316.44167
316.43725
316.43059
316.42701
316.42125
316.41835
316.41322
316.41089
316.40624
316.40436
316.4001
316.39857
316.39462
316.39338
316.3897
316.38869
316.38523
316.38441
316.38113
316.38047
316.37736
316.37682
316.37385
316.37342
316.37057
316.37022
316.36748
316.3672
316.36456
316.36434
316.36177
316.36159
316.35909
316.35895
316.3565
316.3564
316.35398
316.3539
316.3515
316.35145
316.34906
316.34903
316.34663
316.47776
316.49066
316.47134
316.46526
316.45447
316.44564
316.43895
316.43083
316.42594
316.41926
316.41539
316.40973
316.40665
316.40168
316.39922
316.39476
316.39278
316.38872
316.38712
316.38338
316.38207
316.3786
316.37753
316.37428
316.37341
316.37034
316.36963
316.36672
316.36614
316.36337
316.3629
316.36025
316.35986
316.35732
316.357
316.35455
316.35429
316.35191
316.35171
316.34939
316.34922
316.34695
316.34683
316.34459
316.3445
316.34227
316.34221
316.33999
316.33996
316.33773
316.47533
316.4893
316.46414
316.45664
316.44379
316.4343
316.42689
316.41862
316.4134
316.4068
316.40277
316.39728
316.3941
316.38934
316.38682
316.38259
316.38056
316.37674
316.37509
316.37159
316.37026
316.36701
316.36592
316.36289
316.36199
316.35915
316.35841
316.35572
316.35511
316.35255
316.35205
316.3496
316.34919
316.34684
316.34651
316.34424
316.34397
316.34177
316.34155
316.33942
316.33924
316.33715
316.33701
316.33495
316.33484
316.3328
316.33273
316.33069
316.33065
316.32859
316.47248
316.48627
316.45479
316.44581
316.43119
316.42123
316.41333
316.40508
316.39969
316.39329
316.3892
316.38395
316.38076
316.37627
316.37374
316.36978
316.36776
316.3642
316.36256
316.35932
316.35798
316.35499
316.3539
316.35111
316.35021
316.34759
316.34685
316.34438
316.34376
316.34141
316.34091
316.33867
316.33825
316.3361
316.33575
316.33368
316.3334
316.33139
316.33116
316.32921
316.32902
316.32712
316.32697
316.32509
316.32498
316.32311
316.32304
316.32117
316.32113
316.31925
316.46902
316.48079
316.44296
316.43259
316.41665
316.40648
316.39836
316.39029
316.3849
316.3788
316.37477
316.36984
316.36672
316.36254
316.36008
316.35642
316.35445
316.35118
316.34959
316.34661
316.34532
316.34258
316.34152
316.33897
316.3381
316.33572
316.33499
316.33275
316.33214
316.33001
316.32951
316.32748
316.32707
316.32512
316.32478
316.3229
316.32262
316.32081
316.32057
316.31881
316.31862
316.31689
316.31674
316.31504
316.31493
316.31324
316.31317
316.31148
316.31144
316.30973
316.46469
316.47199
316.42838
316.41689
316.40025
316.39014
316.38208
316.37439
316.36915
316.36346
316.35959
316.35504
316.35206
316.34824
316.3459
316.34257
316.3407
316.33773
316.33623
316.33354
316.33231
316.32985
316.32884
316.32655
316.32572
316.32358
316.32289
316.32087
316.3203
316.31839
316.31791
316.31609
316.31569
316.31395
316.31362
316.31194
316.31166
316.31004
316.30982
316.30824
316.30805
316.30651
316.30636
316.30484
316.30473
316.30322
316.30315
316.30164
316.3016
316.30007
316.45912
316.45907
316.41092
316.39874
316.3821
316.37238
316.36464
316.35751
316.35257
316.34738
316.34376
316.33966
316.33689
316.33346
316.33129
316.32831
316.32659
316.32394
316.32255
316.32016
316.31903
316.31684
316.31591
316.31388
316.31311
316.31122
316.31058
316.30879
316.30826
316.30657
316.30613
316.30452
316.30415
316.30261
316.3023
316.30082
316.30056
316.29914
316.29892
316.29753
316.29736
316.296
316.29586
316.29452
316.29441
316.29308
316.29301
316.29168
316.29163
316.29029
316.45179
316.44133
316.39061
316.37832
316.36242
316.3534
316.34624
316.33981
316.3353
316.33069
316.32741
316.32379
316.3213
316.31828
316.31633
316.31373
316.31217
316.30987
316.30862
316.30654
316.30551
316.30361
316.30277
316.30101
316.30032
316.29868
316.2981
316.29656
316.29607
316.29461
316.29421
316.29282
316.29248
316.29115
316.29087
316.28959
316.28935
316.28811
316.28792
316.28671
316.28655
316.28538
316.28525
316.28409
316.28399
316.28284
316.28277
316.28162
316.28158
316.28041
316.44194
316.41834
316.36767
316.35595
316.34146
316.33342
316.32706
316.32146
316.31749
316.31352
316.31065
316.30755
316.30537
316.3028
316.3011
316.29888
316.29753
316.29557
316.29448
316.29272
316.29183
316.29022
316.28949
316.288
316.28739
316.286
316.2855
316.28419
316.28377
316.28253
316.28218
316.28101
316.28071
316.27958
316.27934
316.27825
316.27805
316.277
316.27683
316.27581
316.27567
316.27468
316.27456
316.27358
316.2735
316.27252
316.27246
316.27149
316.27145
316.27047
316.42846
316.38999
316.34247
316.33201
316.3195
316.31268
316.30729
316.30262
316.29928
316.29599
316.29359
316.29103
316.28921
316.28709
316.28567
316.28385
316.28272
316.28112
316.2802
316.27876
316.27802
316.2767
316.27609
316.27487
316.27436
316.27323
316.2728
316.27174
316.27138
316.27037
316.27008
316.26912
316.26887
316.26795
316.26774
316.26686
316.26668
316.26583
316.26568
316.26485
316.26473
316.26392
316.26382
316.26302
316.26295
316.26215
316.2621
316.2613
316.26127
316.26047
316.40962
316.35668
316.31552
316.30692
316.29683
316.2914
316.28711
316.28343
316.28079
316.27821
316.27631
316.27432
316.27288
316.27123
316.2701
316.26869
316.2678
316.26655
316.26583
316.2647
316.26412
316.26309
316.26261
316.26166
316.26126
316.26038
316.26004
316.25922
316.25894
316.25815
316.25792
316.25717
316.25697
316.25626
316.2561
316.25541
316.25527
316.25461
316.25449
316.25385
316.25375
316.25312
316.25304
316.25242
316.25236
316.25175
316.2517
316.25108
316.25106
316.25043
316.38241
316.31913
316.2874
316.28108
316.27371
316.26979
316.26668
316.26404
316.26213
316.26028
316.25891
316.25748
316.25644
316.25526
316.25445
316.25344
316.2528
316.25191
316.25139
316.25059
316.25016
316.24943
316.24908
316.24841
316.24812
316.24749
316.24725
316.24666
316.24646
316.2459
316.24573
316.2452
316.24505
316.24454
316.24442
316.24393
316.24383
316.24336
316.24328
316.24282
316.24275
316.2423
316.24224
316.2418
316.24175
316.24131
316.24128
316.24084
316.24082
316.24038
316.34133
316.27859
316.25865
316.25483
316.25036
316.24799
316.24612
316.24453
316.24338
316.24227
316.24144
316.24058
316.23996
316.23925
316.23876
316.23816
316.23777
316.23723
316.23692
316.23644
316.23618
316.23575
316.23554
316.23513
316.23496
316.23458
316.23443
316.23408
316.23396
316.23362
316.23352
316.2332
316.23311
316.23281
316.23274
316.23244
316.23238
316.2321
316.23205
316.23177
316.23173
316.23146
316.23143
316.23116
316.23114
316.23087
316.23085
316.23059
316.23058
316.23031
316.2748
316.23644
316.22968
316.22842
316.22692
316.22613
316.22551
316.22498
316.22459
316.22422
316.22395
316.22366
316.22345
316.22322
316.22305
316.22285
316.22272
316.22255
316.22244
316.22228
316.2222
316.22205
316.22198
316.22184
316.22179
316.22166
316.22161
316.22149
316.22145
316.22134
316.22131
316.2212
316.22117
316.22107
316.22105
316.22095
316.22093
316.22083
316.22082
316.22072
316.22071
316.22062
316.22061
316.22052
316.22051
316.22042
316.22042
316.22033
316.22033
316.22024
)
;

boundaryField
{
    inlet
    {
        type            fixedValue;
        value           uniform 316.5;
    }
    outlet
    {
        type            zeroGradient;
    }
    wall_membrane
    {
        type            groovyBC;
        refValue        nonuniform List<scalar> 
50
(
311.41469
311.39736
311.38002
311.36269
311.34535
311.32802
311.31068
311.29335
311.27602
311.25868
311.24135
311.22401
311.20668
311.18934
311.17201
311.15467
311.13734
311.12
311.10267
311.08533
311.068
311.05066
311.03333
311.01599
310.99866
310.98132
310.96399
310.94665
310.92932
310.91198
310.89465
310.87731
310.85998
310.84264
310.82531
310.80797
310.79064
310.7733
310.75597
310.73863
310.7213
310.70396
310.68663
310.6693
310.65196
310.63463
310.61729
310.59996
310.58262
310.56529
)
;
        refGradient     uniform 0;
        valueFraction   uniform 1;
        source          uniform 0;
        value           nonuniform List<scalar> 
50
(
311.41469
311.39736
311.38002
311.36269
311.34535
311.32802
311.31068
311.29335
311.27602
311.25868
311.24135
311.22401
311.20668
311.18934
311.17201
311.15467
311.13734
311.12
311.10267
311.08533
311.068
311.05066
311.03333
311.01599
310.99866
310.98132
310.96399
310.94665
310.92932
310.91198
310.89465
310.87731
310.85998
310.84264
310.82531
310.80797
310.79064
310.7733
310.75597
310.73863
310.7213
310.70396
310.68663
310.6693
310.65196
310.63463
310.61729
310.59996
310.58262
310.56529
)
;
        valueExpression "Tm";
        gradientExpression "0";
        fractionExpression "1";
        evaluateDuringConstruction 0;
        cyclicSlave     0;
        variables       
12
(
"T_a=316.5;"
"L=0.15;"
"Tp_in=297.3;"
"Tp_out=300.1;"
"T_p=Tp_out-(Tp_out-Tp_in)/L*pos().x;"
"delta_mem=0.0001;"
"lambda_mem=0.053;"
"lambda_alim=0.634;"
"delta_alim=0.001;"
"h_agua=613;"
"h_ef=(lambda_alim/delta_alim)*(1/h_agua+delta_mem/lambda_mem);"
"Tm=((Tp_out-(Tp_out-Tp_in)/L*pos().x)+h_ef*T_a)/(1+h_ef);"
)
;
        timelines       (
);
        lookuptables    (
);
        lookuptables2D  (
);
    }
    wall_up
    {
        type            groovyBC;
        refValue        uniform 316.2152;
        refGradient     uniform 0;
        valueFraction   uniform 1;
        source          uniform 0;
        value           uniform 316.2152;
        valueExpression "T_m";
        gradientExpression "0";
        fractionExpression "1";
        evaluateDuringConstruction 0;
        cyclicSlave     0;
        variables       
10
(
"T_a=316.5;"
"Text=298;"
"L=0.15;"
"delta_ext=0.0132;"
"lambda_ext=15;"
"lambda_alim=0.634;"
"delta_alim=0.001;"
"h_ext=10;"
"h_ef=lambda_alim/delta_alim*(1/h_ext+delta_ext/lambda_ext);"
"T_m=(Text+h_ef*T_a)/(1+h_ef);"
)
;
        timelines       (
);
        lookuptables    (
);
        lookuptables2D  (
);
    }
    sides
    {
        type            empty;
    }
}


// ************************************************************************* //
