/*--------------------------------*- C++ -*----------------------------------*\
| =========                 |                                                 |
| \\      /  F ield         | OpenFOAM: The Open Source CFD Toolbox           |
|  \\    /   O peration     | Version:  2312                                  |
|   \\  /    A nd           | Website:  www.openfoam.com                      |
|    \\/     M anipulation  |                                                 |
\*---------------------------------------------------------------------------*/
FoamFile
{
    version     2.0;
    format      ascii;
    arch        "LSB;label=32;scalar=64";
    class       volScalarField;
    location    "7";
    object      T;
}
// * * * * * * * * * * * * * * * * * * * * * * * * * * * * * * * * * * * * * //

dimensions      [0 0 0 1 0 0 0];

internalField   nonuniform List<scalar> 
4000
(
310.87591
312.18929
312.44459
312.51257
312.59167
312.64358
312.69355
312.73689
312.77875
312.81685
312.85507
312.89048
312.92643
312.96029
312.99467
313.02752
313.06073
313.09289
313.1252
313.15687
313.18846
313.21977
313.25078
313.28181
313.31234
313.34317
313.37329
313.40396
313.43372
313.46427
313.49373
313.52419
313.55336
313.58378
313.61269
313.64307
313.67174
313.70211
313.73055
313.76093
313.78914
313.81957
313.84754
313.87805
313.90575
313.93641
313.96377
313.9947
314.0215
314.05348
308.63802
310.76059
311.45916
311.60743
311.78763
311.88688
311.98019
312.05372
312.12275
312.18056
312.23866
312.28841
312.33974
312.38483
312.43142
312.47351
312.51659
312.55661
312.59699
312.63552
312.67377
312.7112
312.74771
312.78432
312.81939
312.85538
312.88923
312.92474
312.95752
312.99269
313.02453
313.05944
313.09045
313.12519
313.15542
313.19006
313.21956
313.25417
313.28299
313.31764
313.34576
313.38055
313.40795
313.44299
313.46958
313.50505
313.53064
313.56693
313.59083
313.63012
307.25679
309.38701
310.48184
310.70848
310.98714
311.13318
311.26916
311.37272
311.46858
311.54607
311.62382
311.68792
311.75446
311.8108
311.86947
311.92082
311.97367
312.02156
312.06994
312.11535
312.16019
312.20377
312.24573
312.28794
312.3275
312.36867
312.40619
312.44658
312.48234
312.52213
312.55633
312.5957
312.62851
312.66759
312.69911
312.73802
312.76834
312.80721
312.83637
312.87531
312.90332
312.94248
312.96929
313.00887
313.03434
313.07463
313.09843
313.14007
313.1611
313.20738
306.34211
308.11499
309.52688
309.82439
310.19562
310.38659
310.56367
310.69663
310.81855
310.91548
311.01239
311.09075
311.17212
311.23969
311.31017
311.37077
311.43317
311.48896
311.54515
311.59747
311.64874
311.6985
311.74578
311.79361
311.83756
311.88394
311.92505
311.97032
312.00898
312.05343
312.08992
312.13377
312.16832
312.21175
312.24452
312.28772
312.31881
312.36194
312.39141
312.43465
312.46252
312.50606
312.53226
312.57637
312.60071
312.6458
312.66782
312.71478
312.73301
312.78579
305.70919
306.98687
308.61278
308.96681
309.42052
309.65274
309.86811
310.02916
310.17575
310.29159
310.4068
310.49913
310.59475
310.67339
310.75523
310.82501
310.89661
310.96025
311.02398
311.08318
311.14067
311.1966
311.24901
311.30247
311.35064
311.40223
311.4468
311.49697
311.53842
311.58752
311.62621
311.67454
311.71075
311.75855
311.79248
311.83997
311.87177
311.91917
311.94891
311.99643
312.02412
312.07203
312.09759
312.14622
312.16941
312.21928
312.23954
312.29173
312.30731
312.36602
305.25656
306.02732
307.75874
308.14935
308.67083
308.93847
309.18788
309.37481
309.544
309.67776
309.81
309.91578
310.02476
310.11416
310.20671
310.28547
310.36578
310.43714
310.50801
310.57403
310.63741
310.69945
310.75673
310.81578
310.86796
310.92474
310.97258
311.02763
311.07171
311.12546
311.16621
311.21901
311.25677
311.30891
311.34392
311.39569
311.42812
311.47977
311.50971
311.5615
311.58896
311.64121
311.6661
311.71921
311.74124
311.79582
311.81436
311.87163
311.88479
311.94883
304.92616
305.2492
306.98215
307.38617
307.95627
308.25144
308.52913
308.7387
308.92767
309.07786
309.22539
309.34378
309.46492
309.56457
309.66695
309.75436
309.8427
309.92157
309.99905
310.07171
310.14057
310.20861
310.27041
310.33496
310.39087
310.45276
310.50364
310.56351
310.61002
310.66837
310.71101
310.76824
310.80741
310.86387
310.89983
310.95584
310.9888
311.04465
311.07471
311.13073
311.15791
311.21444
311.23862
311.29614
311.31702
311.3762
311.39308
311.45524
311.46624
311.535
304.68035
304.64879
306.29565
306.69031
307.28645
307.59958
307.89837
308.12635
308.33153
308.49607
308.6567
308.7865
308.91829
309.02743
309.13853
309.23408
309.32961
309.41562
309.49907
309.57811
309.65191
309.72575
309.79164
309.86155
309.92082
309.98771
310.04133
310.10592
310.15462
310.21747
310.26181
310.32338
310.36379
310.42448
310.46127
310.52143
310.55482
310.6148
310.6449
310.70506
310.73189
310.79261
310.81606
310.87787
310.89762
310.96123
310.97656
311.04332
311.05248
311.12538
304.49391
304.21126
305.70632
306.07193
306.66986
306.99047
307.3021
307.54334
307.76048
307.93675
308.10782
308.24747
308.38808
308.50569
308.62418
308.72717
308.82889
308.92152
309.01014
309.09519
309.1733
309.25266
309.32214
309.39715
309.45938
309.53107
309.58709
309.65624
309.70684
309.77405
309.81984
309.88563
309.92708
309.99188
310.02933
310.09354
310.12722
310.19122
310.22126
310.28543
310.31186
310.37664
310.39934
310.46527
310.48392
310.55176
310.56565
310.63668
310.64434
310.72084
304.34935
303.91303
305.21495
305.53694
306.11322
306.4308
306.74632
306.99502
307.21934
307.40419
307.58267
307.73025
307.87757
308.00238
308.12672
308.23624
308.34296
308.44158
308.53445
308.625
308.7067
308.79117
308.86364
308.94345
309.00816
309.08438
309.1424
309.21587
309.26805
309.33942
309.3864
309.45622
309.49849
309.56724
309.60517
309.67326
309.70709
309.77494
309.80483
309.87285
309.89881
309.96747
309.9894
310.05925
310.07684
310.14864
310.16125
310.23616
310.24262
310.32225
304.23399
303.72612
304.81705
305.0865
305.62098
305.92575
306.23613
306.48613
306.71253
306.90245
307.08499
307.23829
307.38997
307.52046
307.64891
307.76388
307.8743
307.97808
308.07417
308.1696
308.25407
308.34315
308.41796
308.50215
308.56878
308.6492
308.70878
308.78628
308.83966
308.91493
308.96279
309.03641
309.07926
309.15173
309.18994
309.2617
309.29554
309.36703
309.39666
309.46831
309.49375
309.56605
309.58721
309.66071
309.67731
309.75274
309.76423
309.84261
309.84815
309.93047
304.13929
303.62176
304.50345
304.71742
305.19503
305.47864
305.77533
306.02054
306.24384
306.43509
306.61818
306.77475
306.92828
307.06274
307.19343
307.3126
307.42527
307.53326
307.63145
307.73101
307.81734
307.91044
307.98685
308.07493
308.1429
308.22709
308.28773
308.36889
308.42308
308.50193
308.55034
308.62747
308.67062
308.74654
308.78482
308.85999
308.89367
308.96855
308.99779
309.07282
309.09767
309.17333
309.19371
309.27056
309.28623
309.36495
309.37547
309.45687
309.46175
309.54637
304.0589
303.57304
304.26242
304.42299
304.83459
305.0906
305.36618
305.60092
305.81618
306.005
306.18509
306.34237
306.49514
306.63174
306.7627
306.8847
306.99809
307.10923
307.20832
307.31116
307.39839
307.4948
307.57203
307.66343
307.73208
307.81956
307.88073
307.96514
308.01969
308.10174
308.15034
308.23062
308.27379
308.35284
308.39096
308.46923
308.50258
308.58054
308.60928
308.68737
308.71158
308.79028
308.80988
308.88972
308.90453
308.98612
308.99583
309.07981
309.08423
309.17077
303.98899
303.5579
304.08093
304.19411
304.53635
304.7606
305.00924
305.22865
305.43141
305.6142
305.78791
305.94333
306.09277
306.22959
306.35883
306.48219
306.59475
306.70788
306.80661
306.91181
306.99892
307.09789
307.17512
307.26918
307.33785
307.42804
307.48919
307.57635
307.63081
307.71561
307.76404
307.84707
307.88996
307.97175
308.00947
308.09048
308.12333
308.20401
308.23214
308.31294
308.33642
308.4178
308.43662
308.51907
308.53309
308.61713
308.62617
308.71227
308.71636
308.80449
303.92659
303.55928
303.9463
304.02034
304.29489
304.48557
304.70339
304.90369
305.09022
305.26379
305.42802
305.57914
305.72279
305.85794
305.98352
306.10674
306.21691
306.33083
306.42795
306.5345
306.62049
306.72118
306.79756
306.89358
306.96157
307.05386
307.11443
307.20378
307.25768
307.34475
307.3926
307.47794
307.52023
307.60434
307.64142
307.72477
307.75692
307.83994
307.86732
307.95044
307.97315
308.05679
308.07483
308.15945
308.17275
308.25879
308.26727
308.35505
308.35892
308.44829
303.87025
303.56602
303.84691
303.89093
304.10332
304.26082
304.44597
304.62464
304.79213
304.95384
305.10596
305.25056
305.38622
305.51789
305.63799
305.75958
305.86588
305.97936
306.07365
306.18054
306.26439
306.36593
306.44063
306.53785
306.60447
306.6982
306.7576
306.84856
306.90142
306.99021
307.03711
307.12426
307.16563
307.2516
307.2878
307.37304
307.40431
307.48923
307.51575
307.60074
307.62261
307.70809
307.72534
307.81169
307.82431
307.9119
307.91991
308.00892
308.01263
308.10291
303.81869
303.57123
303.77299
303.79574
303.95396
304.08051
304.23304
304.38889
304.53555
304.68344
304.82138
304.95761
305.08336
305.20993
305.32291
305.4415
305.54254
305.65439
305.7447
305.8509
305.93164
306.03315
306.10536
306.20301
306.26757
306.36206
306.41971
306.51167
306.56302
306.65297
306.69852
306.78695
306.82709
306.91443
306.94949
307.03614
307.06636
307.15271
307.17824
307.26466
307.28562
307.37247
307.38892
307.47654
307.48851
307.57718
307.58478
307.6746
307.67819
307.76903
303.77141
303.57197
303.71665
303.72579
303.83904
303.93819
304.05976
304.19284
304.31791
304.45077
304.5731
304.69953
304.81388
304.93396
305.03844
305.15276
305.24732
305.35644
305.4417
305.54624
305.62297
305.72357
305.79253
305.88982
305.95168
306.04623
306.10159
306.1939
306.24328
306.33381
306.37763
306.46679
306.50541
306.59359
306.62727
306.71484
306.74382
306.83112
306.85554
306.94291
306.96289
307.05064
307.06626
307.15467
307.16602
307.25531
307.26254
307.35275
307.35622
307.44727
303.72783
303.56737
303.67206
303.67369
303.75124
303.82728
303.92074
304.0322
304.13589
304.25326
304.35924
304.47488
304.57678
304.68928
304.78416
304.89314
304.9802
305.08557
305.16488
305.26684
305.33876
305.43762
305.50263
305.59881
305.65737
305.75127
305.80385
305.89586
305.94285
306.03335
306.0751
306.16443
306.20122
306.28971
306.3218
306.40977
306.43733
306.52508
306.54827
306.6361
306.65503
306.74319
306.75797
306.8467
306.85743
306.94688
306.95375
307.04393
307.04728
307.13818
303.68773
303.55815
303.63505
303.63368
303.68403
303.74151
303.81049
303.90229
303.98563
304.08775
304.17726
304.28164
304.37048
304.47463
304.55916
304.66193
304.74071
304.84148
304.91409
305.01263
305.07906
305.17542
305.23586
305.33021
305.38495
305.47754
305.52686
305.61796
305.66216
305.75204
305.79139
305.88032
305.91503
306.00329
306.03356
306.12142
306.14741
306.23511
306.25696
306.34474
306.36256
306.45065
306.46455
306.55312
306.56323
306.65239
306.65891
306.74866
306.75187
306.84225
303.65074
303.54541
303.6029
303.60153
303.63196
303.67526
303.72369
303.79835
303.86301
303.95071
304.02422
304.11731
304.19295
304.28831
304.36206
304.458
304.52796
304.62343
304.68878
304.7832
304.8436
304.93676
304.99215
305.084
305.13446
305.2251
305.27079
305.36036
305.40144
305.49013
305.52678
305.61477
305.64716
305.73466
305.76293
305.85015
305.87443
305.96157
305.98198
306.06924
306.08588
306.17342
306.1864
306.27436
306.28383
306.37227
306.37841
306.46734
306.47039
306.55988
303.61666
303.53048
303.57395
303.57434
303.59069
303.6237
303.65549
303.7158
303.76386
303.83843
303.89689
303.97905
304.04176
304.12821
304.19109
304.27983
304.34069
304.43035
304.48807
304.57781
304.63179
304.72116
304.77111
304.85988
304.90571
304.99383
305.03554
305.12304
305.1607
305.24766
305.28137
305.3679
305.39775
305.48399
305.51008
305.59618
305.61862
305.70472
305.72359
305.80985
305.82524
305.91178
305.92381
306.01071
306.01951
306.10682
306.11256
306.20028
306.20315
306.29139
303.58518
303.51437
303.54725
303.55023
303.55692
303.58291
303.60167
303.65042
303.68421
303.74721
303.79194
303.86387
303.91428
303.992
304.04421
304.1256
304.17733
304.26086
304.31079
304.39542
304.44274
304.52784
304.5721
304.65729
304.69823
304.78332
304.82082
304.90573
304.93976
305.02448
305.05506
305.13963
305.16679
305.25128
305.27507
305.35957
305.38005
305.46466
305.48191
305.56671
305.58081
305.6659
305.67694
305.76236
305.77047
305.85625
305.86157
305.94772
305.95038
306.037
303.55608
303.49786
303.52232
303.5281
303.5283
303.54983
303.55871
303.5985
303.62038
303.67353
303.70607
303.76873
303.80774
303.87715
303.91916
303.99329
304.03608
304.11334
304.15549
304.23474
304.27534
304.35582
304.39425
304.47545
304.51134
304.59297
304.6261
304.70798
304.73823
304.82027
304.84757
304.92974
304.95408
305.03637
305.05775
305.14022
305.15867
305.24134
305.25691
305.33984
305.35259
305.43583
305.44584
305.5294
305.53678
305.62067
305.62553
305.70976
305.71219
305.79687
303.52912
303.48146
303.49894
303.50734
303.50324
303.5222
303.52379
303.55693
303.56915
303.61417
303.63619
303.69065
303.71938
303.78109
303.8136
303.88072
303.91497
303.98598
304.02057
304.0943
304.12825
304.20386
304.23646
304.31338
304.34417
304.42199
304.45068
304.52916
304.55554
304.6345
304.65845
304.73781
304.75926
304.83896
304.85787
304.93789
304.95426
305.0346
305.04845
305.12912
305.14049
305.22149
305.23045
305.31178
305.31841
305.40006
305.40444
305.48642
305.48862
305.57101
303.50409
303.46546
303.477
303.48767
303.4807
303.49839
303.49477
303.52316
303.52775
303.56629
303.57944
303.62688
303.64655
303.70129
303.72516
303.78568
303.81195
303.87688
303.90426
303.97247
303.99998
304.07061
304.0975
304.16991
304.19567
304.26942
304.29367
304.36845
304.39094
304.46651
304.48708
304.5633
304.58182
304.65858
304.67498
304.75221
304.76647
304.84413
304.85623
304.9343
304.94426
305.0227
305.03058
305.10937
305.11522
305.19432
305.1982
305.27762
305.27957
305.35939
303.4808
303.45001
303.45646
303.46899
303.46007
303.47732
303.47004
303.4952
303.49394
303.52744
303.53334
303.57488
303.58677
303.63535
303.65153
303.70597
303.72496
303.7841
303.80475
303.86755
303.88894
303.95458
303.97597
304.04379
304.06464
304.13416
304.15406
304.22491
304.24358
304.3155
304.33271
304.40551
304.42112
304.49464
304.50854
304.58269
304.59483
304.66951
304.67986
304.75501
304.76357
304.83915
304.84594
304.92189
304.92695
305.00323
305.00659
305.0832
305.08489
305.16186
303.45909
303.43516
303.43728
303.45127
303.44097
303.45828
303.44849
303.47155
303.46592
303.49563
303.49573
303.53245
303.53782
303.58106
303.59054
303.63949
303.65197
303.70569
303.7202
303.7778
303.79351
303.85423
303.87044
303.93364
303.94981
304.01499
304.03071
304.09749
304.11244
304.18053
304.19447
304.26363
304.27639
304.34644
304.35789
304.4287
304.43875
304.5102
304.51881
304.59081
304.59797
304.67043
304.67613
304.749
304.75327
304.82648
304.82933
304.90287
304.9043
304.97819
303.43881
303.42093
303.4194
303.43452
303.42322
303.44081
303.42933
303.4511
303.4423
303.46923
303.46482
303.49767
303.49771
303.53641
303.54021
303.58429
303.59106
303.63981
303.64881
303.7015
303.71202
303.76798
303.7794
303.83804
303.84983
303.91066
303.92243
303.98506
303.99647
304.0606
304.0714
304.13677
304.14678
304.21319
304.22226
304.28953
304.29756
304.36556
304.37249
304.44111
304.4469
304.51604
304.52068
304.59025
304.59373
304.66368
304.66601
304.73629
304.73746
304.80807
303.41985
303.40731
303.40278
303.41876
303.40671
303.42468
303.41208
303.4331
303.42206
303.44699
303.43917
303.46898
303.46476
303.49967
303.49875
303.53856
303.54045
303.5847
303.58887
303.63699
303.64287
303.6943
303.70136
303.75557
303.76333
303.81987
303.82795
303.88643
303.89452
303.95463
303.96247
304.02396
304.03136
304.09399
304.10079
304.16439
304.17048
304.23489
304.24019
304.30528
304.30974
304.3754
304.379
304.44512
304.44783
304.51435
304.51617
304.58302
304.58394
304.65111
303.4021
303.3943
303.38735
303.404
303.39138
303.40973
303.39641
303.41701
303.40445
303.42796
303.41764
303.44508
303.43756
303.46933
303.46461
303.50072
303.49854
303.53876
303.53879
303.5827
303.58452
303.63169
303.63486
303.68482
303.68895
303.74129
303.74601
303.80039
303.80541
303.86152
303.8666
303.92417
303.92913
303.98793
303.99259
304.05244
304.05669
304.11741
304.12116
304.18261
304.1858
304.24786
304.25046
304.31301
304.31498
304.37795
304.37927
304.44258
304.44325
304.50685
303.38549
303.38191
303.37308
303.39024
303.37723
303.39589
303.38212
303.40249
303.38895
303.41145
303.39937
303.42496
303.41497
303.44416
303.43643
303.46939
303.46389
303.50054
303.4971
303.53719
303.53553
303.57872
303.57851
303.62445
303.62534
303.67366
303.67536
303.72574
303.72798
303.78013
303.7827
303.83637
303.83907
303.89403
303.89671
303.95276
303.9553
304.01227
304.01458
304.07232
304.07433
304.1327
304.13436
304.19326
304.19454
304.25386
304.25472
304.31439
304.31483
304.37478
303.36995
303.37014
303.35994
303.37749
303.36425
303.38312
303.36912
303.38932
303.37519
303.39694
303.38368
303.40783
303.39605
303.42312
303.41312
303.44338
303.43525
303.46876
303.46249
303.49913
303.49456
303.5341
303.53099
303.57315
303.57125
303.61573
303.61478
303.66129
303.66107
303.70936
303.70966
303.75949
303.76015
303.8113
303.81218
303.86445
303.86542
303.91864
303.91961
303.97362
303.97452
304.02919
304.02998
304.08519
304.08581
304.14145
304.14188
304.19786
304.19808
304.25433
303.35544
303.35906
303.34791
303.36577
303.35242
303.37143
303.35733
303.37736
303.36293
303.3841
303.3701
303.39309
303.38009
303.40541
303.39374
303.42171
303.41157
303.44234
303.43381
303.46737
303.46041
303.49662
303.4911
303.52975
303.52546
303.56632
303.56309
303.60591
303.60354
303.6481
303.64642
303.6925
303.69136
303.73876
303.73802
303.78656
303.78612
303.83561
303.83538
303.88568
303.88558
303.93655
303.93653
303.98805
303.98807
304.04003
304.04005
304.09234
304.09236
304.1449
303.34198
303.34871
303.33701
303.3551
303.34176
303.36079
303.34672
303.36654
303.35202
303.37267
303.35828
303.3803
303.36653
303.39038
303.37755
303.40356
303.39195
303.42031
303.41007
303.44086
303.43204
303.46521
303.45773
303.49314
303.48689
303.52436
303.5192
303.55853
303.55432
303.59532
303.59192
303.6344
303.63168
303.67545
303.67329
303.71818
303.71649
303.76233
303.76101
303.80766
303.80666
303.85398
303.85323
303.9011
303.90058
303.94888
303.94854
303.99716
303.997
304.04586
303.32964
303.33921
303.32728
303.3455
303.33227
303.35122
303.33725
303.35681
303.34234
303.36249
303.34796
303.36914
303.35493
303.37752
303.36396
303.38827
303.37564
303.4019
303.39041
303.41875
303.40849
303.43891
303.4299
303.46234
303.45451
303.48883
303.4821
303.51815
303.51241
303.55003
303.54518
303.58422
303.58015
303.62043
303.61705
303.65841
303.65562
303.69791
303.69566
303.73874
303.73694
303.78068
303.7793
303.82358
303.82258
303.86728
303.86662
303.91164
303.91131
303.95654
303.31859
303.33069
303.31877
303.33702
303.32396
303.34272
303.32892
303.34812
303.33381
303.35344
303.33895
303.35935
303.34498
303.36646
303.3525
303.37533
303.36206
303.38646
303.37411
303.40026
303.38898
303.41692
303.40676
303.43647
303.42743
303.45883
303.45086
303.48384
303.47688
303.51132
303.50528
303.54104
303.53586
303.57279
303.56839
303.60636
303.60266
303.64152
303.63846
303.67809
303.67562
303.71588
303.71395
303.75474
303.75332
303.79451
303.79358
303.83507
303.83461
303.8763
303.30912
303.32331
303.31152
303.32966
303.3168
303.33526
303.32167
303.34043
303.32636
303.34544
303.33111
303.35076
303.33644
303.35689
303.34281
303.3643
303.3507
303.37346
303.36059
303.38477
303.37281
303.39851
303.38754
303.41477
303.40483
303.43356
303.42464
303.45478
303.44686
303.47832
303.47135
303.50402
303.49795
303.53172
303.52648
303.56122
303.55676
303.59234
303.58862
303.62492
303.62188
303.6588
303.65641
303.69382
303.69205
303.72986
303.72868
303.76677
303.76618
303.80445
303.30157
303.31721
303.30558
303.32343
303.31079
303.32882
303.31548
303.33371
303.31992
303.33839
303.32434
303.34324
303.32911
303.3486
303.33459
303.35487
303.34119
303.36245
303.34934
303.37176
303.3594
303.38308
303.3716
303.39657
303.38603
303.41229
303.40271
303.43021
303.42159
303.45028
303.4426
303.47239
303.46562
303.49641
303.49052
303.5222
303.51714
303.5496
303.54535
303.57849
303.57499
303.6087
303.60593
303.64012
303.63806
303.6726
303.67124
303.70605
303.70537
303.74034
303.29618
303.31246
303.30091
303.3183
303.30587
303.32336
303.31029
303.32791
303.31445
303.33226
303.31854
303.33667
303.32284
303.34141
303.32761
303.34677
303.3332
303.3531
303.33998
303.36079
303.34829
303.37013
303.35838
303.3813
303.37039
303.3944
303.38439
303.40948
303.40038
303.4265
303.41832
303.44542
303.43815
303.46614
303.45977
303.48857
303.48306
303.51258
303.50791
303.53806
303.5342
303.56487
303.56181
303.59292
303.59064
303.62208
303.62056
303.65225
303.65149
303.68332
303.29291
303.30903
303.29746
303.31421
303.30196
303.31881
303.30603
303.32297
303.30986
303.32695
303.31362
303.33096
303.3175
303.33517
303.32171
303.3398
303.32649
303.34514
303.33217
303.35152
303.33906
303.35922
303.34742
303.36846
303.35741
303.37936
303.36913
303.39199
303.38261
303.40636
303.39787
303.42247
303.41488
303.44027
303.43356
303.45967
303.45385
303.48061
303.47564
303.50296
303.49885
303.52665
303.52337
303.55157
303.54912
303.57763
303.57599
303.60472
303.6039
303.63276
303.29142
303.30675
303.29507
303.31106
303.29898
303.31511
303.30261
303.31882
303.30608
303.32242
303.3095
303.32603
303.31301
303.32977
303.31673
303.33379
303.32085
303.33832
303.32565
303.34364
303.3314
303.35002
303.33833
303.35766
303.34663
303.3667
303.35642
303.37723
303.36776
303.38932
303.38068
303.40298
303.3952
303.41818
303.41128
303.43489
303.42887
303.45305
303.4479
303.47258
303.46829
303.49341
303.48998
303.51545
303.51288
303.53863
303.53692
303.56285
303.562
303.58805
303.29116
303.30539
303.29358
303.30871
303.2968
303.31215
303.29996
303.31539
303.30304
303.31859
303.3061
303.32181
303.30925
303.32512
303.31254
303.32862
303.31613
303.33249
303.3202
303.33694
303.32502
303.34223
303.33078
303.34853
303.33768
303.35602
303.34584
303.36478
303.35534
303.37491
303.36625
303.38643
303.3786
303.39936
303.39238
303.41368
303.40756
303.42935
303.4241
303.44633
303.44195
303.46456
303.46105
303.48397
303.48134
303.5045
303.50274
303.52607
303.52519
303.54862
303.29157
303.30466
303.29279
303.30703
303.29531
303.30983
303.29796
303.31259
303.30064
303.31538
303.30335
303.31821
303.30614
303.32113
303.30906
303.32418
303.31217
303.32747
303.31565
303.33122
303.3197
303.3356
303.3245
303.34081
303.33023
303.34699
303.33702
303.35425
303.34497
303.3627
303.35415
303.37237
303.36461
303.38332
303.37637
303.39553
303.38942
303.409
303.40374
303.42369
303.41929
303.43957
303.43604
303.45659
303.45393
303.4747
303.47292
303.49383
303.49294
303.51393
303.2922
303.30432
303.2925
303.30586
303.29437
303.30805
303.29653
303.31034
303.2988
303.31272
303.30116
303.31518
303.30361
303.31772
303.30617
303.32035
303.30888
303.32317
303.31185
303.32631
303.31526
303.32995
303.31927
303.33424
303.32403
303.33933
303.32967
303.34533
303.33629
303.35234
303.34399
303.36043
303.35282
303.36965
303.36281
303.38001
303.37398
303.39153
303.38632
303.40419
303.39982
303.41796
303.41445
303.43282
303.43017
303.44872
303.44695
303.46562
303.46473
303.48347
303.29284
303.3042
303.29255
303.30508
303.29385
303.30671
303.29555
303.30855
303.29744
303.31054
303.29945
303.31263
303.30157
303.31481
303.3038
303.31707
303.30614
303.31946
303.30868
303.32209
303.31155
303.3251
303.31489
303.32862
303.31883
303.3328
303.32351
303.33773
303.32901
303.34352
303.33544
303.35025
303.34286
303.35798
303.35132
303.36674
303.36085
303.37654
303.37144
303.38739
303.38311
303.39928
303.39583
303.41219
303.40959
303.4261
303.42436
303.44097
303.4401
303.45677
303.29339
303.30416
303.29281
303.30456
303.29365
303.30572
303.29494
303.30715
303.29647
303.30876
303.29815
303.31051
303.29996
303.31235
303.30187
303.31426
303.30387
303.31626
303.30602
303.31844
303.30843
303.32091
303.31121
303.32379
303.31447
303.3272
303.31833
303.33123
303.32289
303.33599
303.32823
303.34156
303.33445
303.348
303.34158
303.35536
303.34966
303.36365
303.35872
303.37291
303.36876
303.38313
303.37978
303.39431
303.39178
303.40642
303.40473
303.41946
303.4186
303.43338
303.29385
303.30414
303.29317
303.30421
303.29368
303.30498
303.29462
303.30605
303.29582
303.30733
303.29719
303.30874
303.2987
303.31026
303.30031
303.31183
303.30199
303.31349
303.3038
303.31527
303.3058
303.31728
303.30809
303.31961
303.31077
303.32237
303.31394
303.32564
303.3177
303.32952
303.32212
303.33409
303.3273
303.33943
303.33328
303.34557
303.34011
303.35256
303.34782
303.36042
303.35642
303.36916
303.36593
303.37879
303.37635
303.3893
303.38767
303.40068
303.39986
303.41291
303.29424
303.3041
303.29359
303.30397
303.29385
303.30443
303.2945
303.30519
303.29542
303.30616
303.29651
303.30727
303.29773
303.30848
303.29904
303.30974
303.30043
303.31107
303.30192
303.3125
303.30356
303.3141
303.30543
303.31596
303.30761
303.31815
303.31019
303.32078
303.31326
303.32391
303.3169
303.32764
303.32119
303.33203
303.32618
303.33713
303.33192
303.34298
303.33845
303.34962
303.3458
303.35706
303.35397
303.36532
303.36299
303.3744
303.37284
303.3843
303.38351
303.395
303.29457
303.30404
303.29402
303.30379
303.29411
303.30401
303.29454
303.30451
303.2952
303.30521
303.29603
303.30604
303.29698
303.30695
303.29802
303.30792
303.29913
303.30894
303.30031
303.31004
303.30162
303.31128
303.30312
303.31273
303.30487
303.31444
303.30695
303.31652
303.30944
303.31902
303.31241
303.32202
303.31593
303.3256
303.32007
303.3298
303.32487
303.33466
303.33037
303.34024
303.33661
303.34654
303.34361
303.35359
303.35138
303.36141
303.35992
303.36998
303.36923
303.37931
303.29484
303.30395
303.29442
303.30362
303.29441
303.30367
303.29466
303.30397
303.29512
303.30442
303.29571
303.30499
303.29641
303.30563
303.29718
303.30631
303.29801
303.30704
303.29892
303.30784
303.29993
303.30875
303.30109
303.30983
303.30246
303.31114
303.3041
303.31273
303.30608
303.31469
303.30848
303.31708
303.31135
303.31996
303.31476
303.32338
303.31875
303.3274
303.32336
303.33205
303.32864
303.33736
303.3346
303.34335
303.34126
303.35005
303.34864
303.35745
303.35674
303.36555
303.29506
303.30382
303.29479
303.30346
303.29472
303.30339
303.29485
303.30351
303.29511
303.30375
303.29549
303.30407
303.29594
303.30444
303.29646
303.30486
303.29704
303.30532
303.29767
303.30583
303.2984
303.30645
303.29925
303.3072
303.30029
303.30814
303.30155
303.30932
303.3031
303.31082
303.305
303.31268
303.30732
303.31496
303.31009
303.31773
303.31338
303.32102
303.31722
303.32486
303.32166
303.32931
303.32671
303.33438
303.33241
303.34008
303.33876
303.34644
303.34578
303.35346
303.29524
303.30366
303.29513
303.30329
303.29503
303.30313
303.29505
303.3031
303.29516
303.30315
303.29532
303.30324
303.29555
303.30336
303.29582
303.30352
303.29614
303.30371
303.29652
303.30396
303.29698
303.3043
303.29756
303.30476
303.29829
303.30538
303.29922
303.30621
303.3004
303.3073
303.30187
303.30871
303.3037
303.31049
303.30594
303.31269
303.30863
303.31534
303.3118
303.3185
303.31551
303.3222
303.31977
303.32646
303.32462
303.3313
303.33007
303.33675
303.33612
303.3428
303.29537
303.30348
303.29542
303.3031
303.2953
303.30287
303.29524
303.30272
303.2952
303.30258
303.29517
303.30245
303.29517
303.30233
303.2952
303.30223
303.29528
303.30218
303.29541
303.30218
303.29563
303.30226
303.29595
303.30245
303.2964
303.30279
303.29704
303.30331
303.29789
303.30405
303.299
303.30508
303.30042
303.30642
303.30219
303.30814
303.30436
303.31026
303.30696
303.31282
303.31003
303.31587
303.31361
303.31943
303.31772
303.32352
303.32237
303.32816
303.32758
303.33336
303.29547
303.30326
303.29566
303.30289
303.29554
303.30261
303.29541
303.30233
303.29522
303.30201
303.295
303.30166
303.29477
303.3013
303.29456
303.30096
303.2944
303.30067
303.2943
303.30043
303.29428
303.30028
303.29437
303.30023
303.29458
303.30031
303.29495
303.30056
303.29551
303.30101
303.29631
303.3017
303.29737
303.30268
303.29874
303.30398
303.30047
303.30564
303.30258
303.3077
303.30511
303.31019
303.30809
303.31314
303.31155
303.31657
303.3155
303.32051
303.31997
303.32497
303.29552
303.30303
303.29586
303.30265
303.29574
303.30232
303.29553
303.30192
303.29518
303.30141
303.29475
303.30083
303.2943
303.30024
303.29386
303.29967
303.29347
303.29914
303.29315
303.29868
303.29291
303.29831
303.29278
303.29804
303.29277
303.2979
303.2929
303.29791
303.29322
303.2981
303.29374
303.29851
303.29449
303.29918
303.29553
303.30012
303.29687
303.30139
303.29856
303.30302
303.30062
303.30503
303.30309
303.30745
303.30598
303.31032
303.30933
303.31365
303.31315
303.31745
303.29554
303.30277
303.29602
303.30239
303.29588
303.30199
303.29557
303.30144
303.29505
303.30073
303.29441
303.29993
303.29373
303.2991
303.29306
303.2983
303.29245
303.29756
303.29191
303.2969
303.29147
303.29632
303.29114
303.29586
303.29093
303.29551
303.29086
303.29532
303.29095
303.29529
303.29123
303.29546
303.29173
303.29585
303.29248
303.2965
303.29349
303.29744
303.29482
303.29869
303.29648
303.30029
303.2985
303.30227
303.30091
303.30465
303.30374
303.30744
303.30698
303.31068
303.29551
303.30251
303.29613
303.30211
303.29596
303.30161
303.29553
303.30088
303.2948
303.29994
303.29393
303.29891
303.29301
303.29786
303.29213
303.29684
303.2913
303.29589
303.29057
303.29503
303.28994
303.29428
303.28942
303.29364
303.28903
303.29312
303.28878
303.29274
303.28868
303.29252
303.28876
303.29249
303.28904
303.29265
303.28953
303.29305
303.29027
303.29371
303.29129
303.29465
303.29261
303.2959
303.29425
303.2975
303.29625
303.29945
303.29861
303.30179
303.30136
303.30452
303.29545
303.30224
303.29619
303.30179
303.29597
303.30115
303.29536
303.3002
303.2944
303.29902
303.29328
303.29774
303.29213
303.29647
303.29102
303.29524
303.29
303.2941
303.28908
303.29307
303.28828
303.29215
303.2876
303.29135
303.28705
303.29068
303.28664
303.29015
303.28638
303.28977
303.28628
303.28956
303.28637
303.28954
303.28665
303.28973
303.28716
303.29015
303.28792
303.29082
303.28894
303.29178
303.29026
303.29305
303.2919
303.29464
303.29387
303.29658
303.29619
303.29889
303.29534
303.30196
303.29621
303.30144
303.29588
303.30059
303.29504
303.29937
303.2938
303.29792
303.29242
303.2964
303.29104
303.2949
303.28972
303.29348
303.28851
303.29217
303.28743
303.29098
303.28647
303.28991
303.28565
303.28898
303.28496
303.28818
303.28441
303.28752
303.28401
303.287
303.28377
303.28665
303.28369
303.28647
303.2838
303.28648
303.28411
303.2867
303.28465
303.28716
303.28543
303.28787
303.28647
303.28886
303.2878
303.29015
303.28944
303.29175
303.29139
303.29369
303.2952
303.3017
303.29616
303.30103
303.29567
303.2999
303.29453
303.29835
303.29298
303.29661
303.29133
303.29484
303.28971
303.29313
303.2882
303.29153
303.28682
303.29007
303.28559
303.28874
303.2845
303.28755
303.28355
303.2865
303.28275
303.28559
303.28208
303.28483
303.28157
303.2842
303.2812
303.28373
303.28099
303.28342
303.28095
303.28328
303.2811
303.28335
303.28146
303.28362
303.28203
303.28412
303.28284
303.28488
303.28391
303.28591
303.28525
303.28722
303.28689
303.28884
303.29501
303.30147
303.29605
303.30055
303.2953
303.29903
303.2938
303.2971
303.2919
303.29506
303.28997
303.29304
303.28813
303.29114
303.28644
303.28938
303.28491
303.28778
303.28355
303.28634
303.28234
303.28505
303.2813
303.28391
303.2804
303.28291
303.27964
303.28205
303.27903
303.28134
303.27856
303.28077
303.27824
303.28036
303.27809
303.28011
303.2781
303.28004
303.2783
303.28016
303.2787
303.2805
303.27932
303.28106
303.28017
303.28187
303.28127
303.28294
303.28264
303.28428
303.29479
303.30126
303.29584
303.29995
303.29473
303.29793
303.29279
303.29559
303.29053
303.29323
303.28832
303.29098
303.28628
303.2889
303.28443
303.287
303.28277
303.28529
303.2813
303.28376
303.28001
303.28239
303.27888
303.28118
303.2779
303.28012
303.27707
303.27919
303.27638
303.27841
303.27584
303.27777
303.27544
303.27728
303.27518
303.27694
303.27509
303.27676
303.27517
303.27677
303.27542
303.27696
303.27588
303.27736
303.27654
303.27799
303.27744
303.27885
303.27857
303.27997
303.29451
303.3011
303.29551
303.29918
303.2939
303.29656
303.29146
303.29376
303.28882
303.2911
303.28635
303.28864
303.28413
303.28641
303.28215
303.2844
303.2804
303.2826
303.27884
303.281
303.27748
303.27958
303.27629
303.27832
303.27526
303.27721
303.27438
303.27624
303.27363
303.27541
303.27303
303.27472
303.27256
303.27416
303.27223
303.27375
303.27205
303.2735
303.27203
303.2734
303.27217
303.27349
303.27249
303.27376
303.27301
303.27423
303.27373
303.27492
303.27467
303.27584
303.29419
303.30097
303.295
303.2982
303.29275
303.29485
303.28978
303.29159
303.28677
303.28864
303.28407
303.286
303.28169
303.28365
303.27961
303.28156
303.27778
303.27971
303.27617
303.27807
303.27477
303.27661
303.27354
303.27532
303.27247
303.27418
303.27155
303.27319
303.27077
303.27233
303.27013
303.2716
303.26961
303.27101
303.26923
303.27055
303.26898
303.27023
303.26888
303.27006
303.26893
303.27005
303.26915
303.27022
303.26953
303.27057
303.27011
303.27111
303.27088
303.27187
303.29382
303.30085
303.29425
303.2969
303.29122
303.29276
303.28769
303.28904
303.28434
303.28585
303.28144
303.28306
303.27896
303.28063
303.2768
303.27849
303.27493
303.27661
303.27329
303.27495
303.27187
303.27348
303.27062
303.27218
303.26954
303.27104
303.2686
303.27003
303.2678
303.26916
303.26713
303.26842
303.26659
303.2678
303.26617
303.26731
303.26587
303.26695
303.26571
303.26673
303.26569
303.26665
303.26582
303.26673
303.2661
303.26698
303.26656
303.26741
303.2672
303.26803
303.29339
303.30068
303.29317
303.29522
303.28924
303.29023
303.28516
303.2861
303.28152
303.2827
303.27848
303.27982
303.27593
303.27735
303.27374
303.2752
303.27185
303.27331
303.27022
303.27166
303.26879
303.2702
303.26755
303.26891
303.26647
303.26778
303.26553
303.26678
303.26473
303.26592
303.26405
303.26517
303.26349
303.26454
303.26305
303.26403
303.26272
303.26365
303.26252
303.26339
303.26244
303.26326
303.2625
303.26328
303.26271
303.26345
303.26306
303.26378
303.26358
303.26428
303.29288
303.30035
303.29167
303.29306
303.28676
303.28722
303.28219
303.28275
303.27832
303.27922
303.2752
303.2763
303.27262
303.27382
303.27043
303.27168
303.26856
303.26983
303.26695
303.26821
303.26555
303.26678
303.26433
303.26552
303.26327
303.26442
303.26235
303.26344
303.26156
303.26259
303.26088
303.26186
303.26032
303.26123
303.25987
303.26072
303.25953
303.26032
303.2593
303.26004
303.25918
303.25988
303.25919
303.25985
303.25933
303.25995
303.2596
303.26021
303.26003
303.26062
303.29227
303.29973
303.28965
303.29033
303.28372
303.28371
303.27875
303.279
303.27475
303.27541
303.2716
303.27249
303.26904
303.27005
303.2669
303.26797
303.26508
303.26617
303.26351
303.2646
303.26215
303.26323
303.26098
303.26202
303.25995
303.26095
303.25906
303.26002
303.25829
303.2592
303.25764
303.25848
303.25708
303.25788
303.25664
303.25737
303.25629
303.25697
303.25604
303.25668
303.2559
303.2565
303.25587
303.25643
303.25596
303.25649
303.25617
303.25668
303.25652
303.25701
303.29153
303.29862
303.28698
303.28695
303.28012
303.27969
303.27486
303.27485
303.27082
303.27128
303.26772
303.26843
303.26522
303.26607
303.26316
303.26407
303.26141
303.26236
303.25992
303.26087
303.25862
303.25956
303.2575
303.25841
303.25653
303.2574
303.25568
303.25651
303.25495
303.25573
303.25432
303.25506
303.25379
303.25448
303.25335
303.25399
303.25301
303.2536
303.25276
303.25331
303.2526
303.25311
303.25255
303.25302
303.2526
303.25305
303.25276
303.25319
303.25305
303.25346
303.29061
303.29679
303.28357
303.28287
303.27593
303.27518
303.27055
303.27034
303.26657
303.26687
303.26357
303.26414
303.26119
303.2619
303.25923
303.26001
303.25759
303.2584
303.25618
303.25701
303.25497
303.25578
303.25392
303.25471
303.25301
303.25377
303.25222
303.25294
303.25153
303.25221
303.25094
303.25158
303.25044
303.25104
303.25003
303.25058
303.2497
303.2502
303.24945
303.24992
303.24929
303.24972
303.24922
303.24962
303.24924
303.24962
303.24936
303.24972
303.24959
303.24994
303.28942
303.294
303.27935
303.27807
303.27118
303.2702
303.26584
303.2655
303.26202
303.2622
303.25919
303.25964
303.25697
303.25756
303.25515
303.25581
303.25363
303.25433
303.25233
303.25304
303.25122
303.25192
303.25025
303.25094
303.24941
303.25007
303.24868
303.24931
303.24805
303.24864
303.24751
303.24806
303.24705
303.24756
303.24666
303.24713
303.24635
303.24679
303.24612
303.24652
303.24596
303.24633
303.24588
303.24622
303.24588
303.2462
303.24598
303.24628
303.24616
303.24645
303.28787
303.29
303.27429
303.27255
303.26592
303.2648
303.26079
303.26037
303.25722
303.25732
303.25461
303.25497
303.25258
303.25307
303.25093
303.25149
303.24955
303.25015
303.24838
303.24899
303.24738
303.24798
303.24651
303.24709
303.24575
303.24632
303.24509
303.24563
303.24452
303.24503
303.24403
303.2445
303.24361
303.24405
303.24326
303.24367
303.24298
303.24335
303.24276
303.2431
303.24261
303.24292
303.24253
303.24282
303.24252
303.24279
303.24259
303.24285
303.24275
303.24299
303.2858
303.2846
303.26839
303.26637
303.2602
303.25904
303.25544
303.255
303.25221
303.25225
303.24988
303.25016
303.24807
303.24848
303.24661
303.24708
303.24539
303.24589
303.24435
303.24487
303.24347
303.24398
303.2427
303.2432
303.24203
303.24251
303.24145
303.24191
303.24095
303.24138
303.24052
303.24092
303.24015
303.24052
303.23984
303.24018
303.23959
303.2399
303.23939
303.23968
303.23925
303.23952
303.23918
303.23942
303.23916
303.23939
303.23921
303.23943
303.23934
303.23954
303.28299
303.27767
303.26171
303.25961
303.2541
303.253
303.24986
303.24944
303.24704
303.24705
303.24502
303.24524
303.24346
303.24379
303.2422
303.24259
303.24115
303.24157
303.24027
303.24069
303.2395
303.23993
303.23885
303.23926
303.23828
303.23868
303.23778
303.23816
303.23735
303.23771
303.23698
303.23731
303.23666
303.23697
303.23639
303.23668
303.23618
303.23644
303.23601
303.23624
303.23589
303.2361
303.23582
303.23602
303.2358
303.23598
303.23584
303.23601
303.23594
303.2361
303.27912
303.26919
303.25437
303.2524
303.2477
303.24672
303.24411
303.24373
303.24175
303.24174
303.24006
303.24024
303.23877
303.23904
303.23773
303.23804
303.23686
303.2372
303.23613
303.23648
303.2355
303.23585
303.23496
303.2353
303.23449
303.23481
303.23408
303.23439
303.23372
303.23401
303.23342
303.23369
303.23316
303.2334
303.23293
303.23316
303.23275
303.23296
303.23261
303.2328
303.23251
303.23269
303.23245
303.23261
303.23244
303.23258
303.23246
303.2326
303.23254
303.23267
303.27368
303.25926
303.24652
303.24485
303.24109
303.2403
303.23824
303.23793
303.23637
303.23636
303.23505
303.23518
303.23403
303.23424
303.23322
303.23346
303.23254
303.2328
303.23196
303.23223
303.23147
303.23174
303.23105
303.23131
303.23068
303.23093
303.23036
303.2306
303.23008
303.23031
303.22984
303.23005
303.22964
303.22983
303.22946
303.22964
303.22932
303.22948
303.22921
303.22936
303.22913
303.22927
303.22908
303.22921
303.22907
303.22918
303.22909
303.2292
303.22915
303.22925
303.26581
303.2481
303.23833
303.23708
303.23435
303.23377
303.23229
303.23206
303.23094
303.23093
303.22999
303.23008
303.22926
303.22941
303.22868
303.22885
303.22819
303.22838
303.22778
303.22797
303.22743
303.22762
303.22712
303.22731
303.22686
303.22704
303.22663
303.2268
303.22643
303.22659
303.22626
303.22641
303.22611
303.22625
303.22599
303.22611
303.22589
303.226
303.22581
303.22591
303.22575
303.22585
303.22572
303.2258
303.2257
303.22579
303.22572
303.22579
303.22576
303.22583
303.2539
303.23607
303.22995
303.22919
303.22754
303.22719
303.2263
303.22616
303.22549
303.22548
303.22492
303.22497
303.22448
303.22456
303.22412
303.22423
303.22383
303.22394
303.22359
303.2237
303.22337
303.22349
303.22319
303.2233
303.22303
303.22314
303.2229
303.223
303.22278
303.22287
303.22267
303.22276
303.22258
303.22267
303.22251
303.22259
303.22245
303.22252
303.2224
303.22246
303.22237
303.22242
303.22235
303.2224
303.22234
303.22239
303.22235
303.22239
303.22237
303.22241
303.23459
303.22358
303.22151
303.22126
303.22071
303.22059
303.22029
303.22025
303.22002
303.22002
303.21983
303.21985
303.21969
303.21971
303.21957
303.2196
303.21947
303.21951
303.21939
303.21943
303.21932
303.21936
303.21926
303.21929
303.2192
303.21924
303.21916
303.21919
303.21912
303.21915
303.21908
303.21911
303.21905
303.21908
303.21903
303.21905
303.21901
303.21903
303.21899
303.21901
303.21898
303.219
303.21897
303.21899
303.21897
303.21899
303.21898
303.21899
303.21898
303.219
)
;

boundaryField
{
    inlet
    {
        type            fixedValue;
        value           uniform 303.3;
    }
    outlet
    {
        type            zeroGradient;
    }
    wall_membrane
    {
        type            groovyBC;
        refValue        nonuniform List<scalar> 
50
(
312.88094
312.90919
312.93745
312.9657
312.99395
313.0222
313.05045
313.0787
313.10695
313.1352
313.16345
313.1917
313.21996
313.24821
313.27646
313.30471
313.33296
313.36121
313.38946
313.41771
313.44596
313.47421
313.50247
313.53072
313.55897
313.58722
313.61547
313.64372
313.67197
313.70022
313.72847
313.75672
313.78498
313.81323
313.84148
313.86973
313.89798
313.92623
313.95448
313.98273
314.01098
314.03923
314.06749
314.09574
314.12399
314.15224
314.18049
314.20874
314.23699
314.26524
)
;
        refGradient     uniform 0;
        valueFraction   uniform 1;
        source          uniform 0;
        value           nonuniform List<scalar> 
50
(
312.88094
312.90919
312.93745
312.9657
312.99395
313.0222
313.05045
313.0787
313.10695
313.1352
313.16345
313.1917
313.21996
313.24821
313.27646
313.30471
313.33296
313.36121
313.38946
313.41771
313.44596
313.47421
313.50247
313.53072
313.55897
313.58722
313.61547
313.64372
313.67197
313.70022
313.72847
313.75672
313.78498
313.81323
313.84148
313.86973
313.89798
313.92623
313.95448
313.98273
314.01098
314.03923
314.06749
314.09574
314.12399
314.15224
314.18049
314.20874
314.23699
314.26524
)
;
        valueExpression "Tm";
        gradientExpression "0";
        fractionExpression "1";
        evaluateDuringConstruction 0;
        cyclicSlave     0;
        variables       
12
(
"T_a=303.3;"
"L=0.15;"
"Tp_in=337.5;"
"Tp_out=333.1;"
"T_p=Tp_out-(Tp_out-Tp_in)/L*pos().x;"
"delta_mem=0.0001;"
"lambda_mem=0.053;"
"lambda_alim=0.62;"
"delta_alim=0.001;"
"h_agua=656;"
"h_ef=(lambda_alim/delta_alim)*(1/h_agua+delta_mem/lambda_mem);"
"Tm=((Tp_out-(Tp_out-Tp_in)/L*pos().x)+h_ef*T_a)/(1+h_ef);"
)
;
        timelines       (
);
        lookuptables    (
);
        lookuptables2D  (
);
    }
    wall_up
    {
        type            groovyBC;
        refValue        uniform 303.21729;
        refGradient     uniform 0;
        valueFraction   uniform 1;
        source          uniform 0;
        value           uniform 303.21729;
        valueExpression "T_m";
        gradientExpression "0";
        fractionExpression "1";
        evaluateDuringConstruction 0;
        cyclicSlave     0;
        variables       
10
(
"T_a=303.3;"
"Text=298;"
"L=0.15;"
"delta_ext=0.0261;"
"lambda_ext=15;"
"lambda_alim=0.62;"
"delta_alim=0.001;"
"h_ext=10;"
"h_ef=lambda_alim/delta_alim*(1/h_ext+delta_ext/lambda_ext);"
"T_m=(Text+h_ef*T_a)/(1+h_ef);"
)
;
        timelines       (
);
        lookuptables    (
);
        lookuptables2D  (
);
    }
    sides
    {
        type            empty;
    }
}


// ************************************************************************* //
