/*--------------------------------*- C++ -*----------------------------------*\
| =========                 |                                                 |
| \\      /  F ield         | OpenFOAM: The Open Source CFD Toolbox           |
|  \\    /   O peration     | Version:  2312                                  |
|   \\  /    A nd           | Website:  www.openfoam.com                      |
|    \\/     M anipulation  |                                                 |
\*---------------------------------------------------------------------------*/
FoamFile
{
    version     2.0;
    format      ascii;
    arch        "LSB;label=32;scalar=64";
    class       volScalarField;
    location    "4";
    object      T;
}
// * * * * * * * * * * * * * * * * * * * * * * * * * * * * * * * * * * * * * //

dimensions      [0 0 0 1 0 0 0];

internalField   nonuniform List<scalar> 
4000
(
309.26115
310.16149
310.2895
310.37102
310.43277
310.49201
310.54264
310.59467
310.64097
310.68942
310.7335
310.77981
310.8226
310.86749
310.90943
310.95333
310.9947
311.03784
311.07879
311.12137
311.16201
311.20413
311.24453
311.28629
311.32649
311.36796
311.408
311.44923
311.48913
311.53015
311.56993
311.61076
311.65044
311.69109
311.73065
311.77114
311.81057
311.85089
311.89018
311.93034
311.96946
312.00949
312.0484
312.08833
312.12698
312.1669
312.20519
312.24524
312.28292
312.32388
307.44591
309.25769
309.56162
309.72767
309.83458
309.93392
310.0075
310.0852
310.1458
310.21277
310.26671
310.32729
310.37732
310.43366
310.48117
310.53451
310.58028
310.63139
310.67591
310.7253
310.76889
310.81692
310.85979
310.90673
310.94901
310.99507
311.03687
311.0822
311.1236
311.1683
311.20933
311.25349
311.29418
311.33782
311.37815
311.42129
311.46125
311.50389
311.54343
311.58559
311.62463
311.66638
311.7048
311.74627
311.78389
311.82532
311.86185
311.9037
311.93841
311.9829
306.13321
308.36646
308.8365
309.08586
309.23766
309.37678
309.47329
309.57651
309.65141
309.7368
309.80063
309.87539
309.93269
310.00042
310.05352
310.11624
310.16645
310.22547
310.2736
310.32975
310.37632
310.43023
310.47558
310.52768
310.57206
310.62268
310.66627
310.71567
310.75858
310.80695
310.84925
310.89671
310.93843
310.98504
311.02618
311.07196
311.11247
311.15742
311.19724
311.2414
311.28039
311.32387
311.36183
311.40485
311.44147
311.48444
311.51924
311.5629
311.59468
311.64254
305.14862
307.5014
308.11828
308.44782
308.64366
308.82182
308.94109
309.06944
309.15864
309.26219
309.33594
309.4247
309.48932
309.56829
309.62702
309.69903
309.75371
309.82055
309.87232
309.93517
309.98475
310.04446
310.09233
310.14953
310.19604
310.25118
310.29657
310.35002
310.39445
310.44646
310.49004
310.54079
310.58356
310.63312
310.67509
310.72349
310.7646
310.81185
310.85199
310.89815
310.93713
310.98236
311.01989
311.06451
311.10015
311.1447
311.1778
311.22332
311.25222
311.30324
304.38875
306.67606
307.41252
307.81662
308.05478
308.27066
308.41231
308.56514
308.66853
308.78984
308.87349
308.97597
309.04793
309.13791
309.20232
309.28343
309.34263
309.41715
309.4726
309.54203
309.59466
309.66009
309.71051
309.77273
309.82139
309.88099
309.9282
309.98564
310.03162
310.08722
310.13211
310.18609
310.22996
310.28243
310.32527
310.37627
310.41801
310.46755
310.50806
310.55622
310.59525
310.64224
310.6794
310.72564
310.76036
310.80654
310.83799
310.88542
310.91152
310.96544
303.78925
305.90217
306.72573
307.19606
307.47374
307.72535
307.88863
308.06501
308.18233
308.32082
308.41427
308.53007
308.60934
308.71005
308.78013
308.87012
308.93387
309.01587
309.07503
309.15089
309.20659
309.27761
309.33062
309.39775
309.4486
309.51255
309.56162
309.62296
309.67053
309.72964
309.77588
309.83303
309.87802
309.93336
309.97711
310.03066
310.0731
310.1249
310.16585
310.216
310.25514
310.3039
310.34076
310.38865
310.42252
310.47038
310.50023
310.54961
310.57307
310.62958
303.30822
305.18879
306.06481
306.59048
306.90367
307.18825
307.37203
307.57065
307.70146
307.85635
307.95942
308.088
308.1745
308.28554
308.36128
308.45984
308.52813
308.61738
308.68026
308.76236
308.82116
308.8976
308.95321
309.02511
309.07817
309.14636
309.19732
309.26246
309.31163
309.37417
309.42178
309.48203
309.52818
309.58631
309.63102
309.68708
309.73027
309.78429
309.82574
309.87786
309.91719
309.96774
310.00436
310.05394
310.08702
310.13661
310.16496
310.2163
310.23729
310.29611
302.9172
304.54194
305.43652
306.00454
306.34797
306.66198
306.86468
307.08388
307.22751
307.39781
307.51019
307.65086
307.74445
307.86533
307.94665
308.0534
308.12619
308.2224
308.28899
308.37707
308.43897
308.52063
308.57887
308.65537
308.71065
308.78294
308.8358
308.90461
308.95541
309.02127
309.07027
309.13352
309.18087
309.2417
309.28743
309.34591
309.38991
309.44611
309.48813
309.5422
309.58179
309.63412
309.67059
309.72188
309.75426
309.80562
309.83256
309.88589
309.90462
309.96545
302.59613
303.96465
304.8469
305.4429
305.81023
306.14936
306.36889
306.60664
306.76219
306.94668
307.0679
307.21988
307.3203
307.45043
307.53718
307.65167
307.72889
307.8317
307.90196
307.99574
308.06071
308.14736
308.2082
308.2891
308.34661
308.42283
308.47758
308.54992
308.60236
308.6714
308.72182
308.78796
308.83654
308.89998
308.94675
309.00759
309.05246
309.11076
309.15343
309.2094
309.24934
309.30344
309.33983
309.39286
309.42462
309.47778
309.50343
309.55875
309.57545
309.63804
302.33035
303.45721
304.30094
304.91
305.294
305.65326
305.88708
306.14097
306.30727
306.50453
306.63399
306.7963
306.9032
307.04189
307.13386
307.25558
307.3371
307.44609
307.51993
307.61908
307.68708
307.77844
307.84185
307.92693
307.98664
308.06658
308.12324
308.19893
308.25301
308.32509
308.37693
308.44582
308.49564
308.56158
308.60944
308.67252
308.71831
308.77865
308.82202
308.87986
308.9202
308.97607
309.01246
309.06724
309.09847
309.15347
309.17793
309.23522
309.25016
309.31427
302.10883
303.01753
303.80221
304.40978
304.80264
305.17653
305.42166
305.68895
305.86459
306.07298
306.2099
306.38145
306.49438
306.64083
306.73775
306.86609
306.95171
307.06642
307.14372
307.24786
307.3188
307.41456
307.48048
307.56947
307.63134
307.7148
307.77331
307.85217
307.90787
307.98282
308.03608
308.10758
308.15865
308.22695
308.27592
308.34114
308.3879
308.45017
308.49432
308.55395
308.59477
308.65237
308.68885
308.74538
308.77616
308.83301
308.85643
308.91564
308.92908
308.99453
301.92304
302.64166
303.35279
303.94545
304.33922
304.72184
304.97497
305.25265
305.43597
305.65366
305.79711
305.97667
306.09505
306.24839
306.34987
306.48417
306.57365
306.69355
306.77413
306.88285
306.9566
307.05642
307.12476
307.21738
307.28134
307.36806
307.4284
307.5102
307.56749
307.64512
307.69979
307.77371
307.82605
307.89655
307.94666
308.01388
308.06163
308.12574
308.17071
308.23206
308.27343
308.33272
308.36934
308.42763
308.45805
308.51674
308.53926
308.60035
308.61255
308.67918
301.76629
302.32428
302.95319
303.51934
303.90627
304.29162
304.54918
304.83401
305.02316
305.24817
305.39707
305.58329
305.70645
305.8657
305.9713
306.11082
306.20384
306.32837
306.41201
306.52483
306.60123
306.70472
306.77537
306.8713
306.93726
307.02697
307.08906
307.17358
307.23241
307.31251
307.36855
307.44472
307.49831
307.57084
307.62209
307.69117
307.73995
307.80577
307.85159
307.91458
307.95654
308.01748
308.0543
308.11432
308.14447
308.20499
308.22674
308.28964
308.30085
308.36855
301.63322
302.05922
302.6025
303.13279
303.50577
303.88794
304.14624
304.43487
304.62781
304.85802
305.01116
305.20261
305.32976
305.49388
305.60307
305.74701
305.84321
305.97173
306.05816
306.17459
306.25344
306.3602
306.43299
306.53188
306.59973
306.69214
306.75589
306.84287
306.90317
306.98551
307.04289
307.12109
307.1759
307.25028
307.30267
307.37343
307.42326
307.49065
307.53736
307.60188
307.64448
307.70699
307.74408
307.80579
307.83575
307.89807
307.91919
307.98383
307.99428
308.06297
301.51952
301.83987
302.29856
302.78615
303.13898
303.51242
303.76778
304.05681
304.25143
304.48465
304.6407
304.83585
304.96613
305.134
305.24619
305.39371
305.49265
305.6245
305.7134
305.8329
305.91396
306.02353
306.09829
306.19977
306.26936
306.36415
306.42945
306.51861
306.58031
306.66463
306.72328
306.8033
306.8593
306.93533
306.98884
307.06111
307.11198
307.1808
307.22841
307.29435
307.3376
307.40162
307.439
307.50236
307.5322
307.59628
307.6169
307.6832
307.69309
307.76273
301.4217
301.65965
302.03821
302.4788
302.80647
303.16615
303.41508
303.70117
303.8953
304.1293
304.28688
304.48417
304.61663
304.78709
304.90161
305.05181
305.15302
305.2875
305.37851
305.50051
305.58349
305.69542
305.77192
305.8756
305.94676
306.04359
306.1103
306.20135
306.26434
306.3504
306.41024
306.49184
306.54897
306.62644
306.68103
306.75463
306.80652
306.8766
306.92511
306.99234
307.03626
307.10169
307.13941
307.20435
307.23413
307.29991
307.32014
307.38803
307.39754
307.46809
301.33694
301.51223
301.81758
302.20927
302.50808
302.84972
303.08899
303.369
303.56048
303.79307
303.95074
304.14857
304.28222
304.45409
304.57021
304.72219
304.82512
304.9615
305.05421
305.17812
305.26272
305.37651
305.45451
305.55997
305.63251
305.73103
305.799
305.89163
305.95578
306.0433
306.10424
306.18717
306.24535
306.32403
306.37967
306.45438
306.50727
306.57844
306.62784
306.69623
306.7408
306.80755
306.8456
306.91206
306.94182
307.00923
307.02919
307.09857
307.10785
307.17931
301.26294
301.39182
301.63239
301.97537
302.243
302.56314
302.78996
303.06099
303.24777
303.47682
303.63313
303.82993
303.96374
304.13582
304.2528
304.40561
304.5097
304.64723
304.7412
304.86642
304.95228
305.06743
305.14665
305.25347
305.32716
305.427
305.49605
305.58994
305.65512
305.7438
305.80573
305.88973
305.9489
306.02855
306.08516
306.16077
306.21462
306.2867
306.33695
306.40634
306.45156
306.51951
306.55791
306.62578
306.65557
306.72453
306.7443
306.81509
306.82425
306.89662
301.19786
301.29326
301.47818
301.77437
302.0098
302.30593
302.51797
302.77748
302.95767
303.18117
303.33472
303.52897
303.6619
303.833
303.95006
304.10276
304.20741
304.34534
304.44011
304.566
304.65276
304.76875
304.84889
304.95663
305.03123
305.13201
305.20196
305.29677
305.36281
305.45237
305.51516
305.59996
305.66001
305.74038
305.7979
305.87419
305.92894
306.00173
306.05278
306.12303
306.16886
306.23788
306.2766
306.34579
306.37564
306.44605
306.46571
306.53782
306.54695
306.62022
301.14022
301.21214
301.35056
301.60316
301.8066
302.07712
302.27262
302.51846
302.69038
302.90652
303.05598
303.24622
303.37725
303.54622
303.66256
303.81424
303.91884
304.0564
304.15149
304.27743
304.3647
304.481
304.56175
304.66995
304.74521
304.84654
304.91716
305.01255
305.07929
305.16941
305.23293
305.31825
305.37908
305.45992
305.51826
305.595
305.65057
305.72387
305.77568
305.8466
305.89299
305.96295
306.00198
306.07237
306.10228
306.17404
306.19364
306.26699
306.27614
306.35032
301.08883
301.14475
301.24534
301.45846
301.63112
301.87531
302.05309
302.2836
302.44581
302.65298
302.79712
302.98202
303.11017
303.27592
303.39077
303.54052
303.64444
303.78091
303.8758
304.00118
304.08855
304.20463
304.28566
304.39388
304.46951
304.57101
304.64208
304.73771
304.80495
304.89533
304.95943
305.04499
305.10646
305.18751
305.24657
305.32353
305.37983
305.45345
305.50593
305.57737
305.62426
305.69501
305.7343
305.80577
305.83573
305.90872
305.92831
306.0028
306.01202
306.0871
301.04276
301.08809
301.15873
301.33694
301.48083
301.69879
301.85826
302.07221
302.22358
302.42044
302.55818
302.73652
302.86087
303.02238
303.13498
303.28196
303.38459
303.51924
303.61344
303.73764
303.8247
303.94005
304.02101
304.1288
304.20453
304.30579
304.37708
304.47259
304.54016
304.63048
304.69499
304.7805
304.84249
304.92349
304.98315
305.0601
305.11704
305.19076
305.24383
305.3156
305.36291
305.43431
305.47381
305.54622
305.57622
305.65032
305.66991
305.74545
305.75475
305.83071
301.00125
301.03978
301.08734
301.23537
301.35308
301.54561
301.6867
301.88336
302.02306
302.20853
302.33895
302.50968
302.6294
302.78573
302.89538
303.03879
303.13953
303.27167
303.36469
303.48714
303.57346
303.68758
303.76812
303.87504
303.95058
304.05122
304.12247
304.21753
304.28521
304.37516
304.43991
304.52509
304.58746
304.66815
304.72829
304.80499
304.86247
304.93608
304.98963
305.06155
305.10921
305.18109
305.22073
305.29395
305.32396
305.39904
305.41863
305.49511
305.5045
305.58129
300.96372
300.99799
301.02827
301.15074
301.24521
301.41366
301.53678
301.71586
301.84338
302.01666
302.13901
302.30127
302.41562
302.56596
302.67201
302.8111
302.9094
303.0384
303.12975
303.24988
303.33507
303.44746
303.52724
303.63286
303.70791
303.80755
303.87853
303.97279
304.04036
304.12964
304.19446
304.27903
304.34162
304.42175
304.48224
304.55845
304.61634
304.68964
304.74357
304.81546
304.86336
304.93556
304.97528
305.04915
305.07912
305.15505
305.17463
305.25195
305.26141
305.33899
300.92969
300.96135
300.97908
301.08029
301.15462
301.30075
301.40672
301.56834
301.68347
301.84405
301.95779
302.11087
302.21925
302.36289
302.46474
302.59888
302.69421
302.81948
302.90871
303.026
303.10966
303.21987
303.29854
303.40246
303.47672
303.575
303.64545
303.73859
303.80585
303.89415
303.95885
304.04254
304.10519
304.18451
304.24521
304.32071
304.37888
304.45166
304.50585
304.57753
304.62557
304.69793
304.73763
304.812
304.84189
304.91851
304.93806
305.01611
305.02561
305.10392
300.89879
300.92884
300.93776
301.02161
301.07887
301.2047
301.29466
301.4393
301.54211
301.68975
301.79453
301.93793
302.03983
302.1762
302.27336
302.40197
302.49386
302.61488
302.70156
302.81554
302.8973
303.00488
303.08213
303.18395
303.25715
303.35371
303.42338
303.51508
303.58181
303.66885
303.73325
303.81579
303.87834
303.9566
304.01737
304.09194
304.15026
304.22232
304.27665
304.34793
304.396
304.46835
304.50795
304.58266
304.6124
304.68958
304.70904
304.78771
304.79723
304.87617
300.87074
300.89973
300.90273
300.97258
301.0157
301.12342
301.19872
301.32715
301.41797
301.55268
301.64832
301.78172
301.8768
302.00545
302.0975
302.22011
302.30815
302.42446
302.5082
302.61844
302.69794
302.80252
302.87803
302.97738
303.04924
303.14376
303.21242
303.30236
303.36836
303.45386
303.51778
303.59891
303.6612
303.73817
303.79886
303.87228
303.93061
304.00177
304.0561
304.12681
304.17479
304.24696
304.28637
304.36125
304.39078
304.46835
304.4877
304.56684
304.57635
304.65582
300.84528
300.8735
300.87274
300.93145
300.96311
301.05491
301.11706
301.23028
301.30963
301.43166
301.51817
301.64143
301.72945
301.85007
301.93669
302.05292
302.13676
302.24797
302.32844
302.43455
302.51149
302.61269
302.68618
302.78274
302.853
302.94517
303.01258
303.1005
303.16555
303.24925
303.3125
303.39199
303.45386
303.52932
303.58977
303.66184
303.72005
303.79011
303.84431
303.91427
303.96205
304.03387
304.073
304.14788
304.17712
304.25494
304.27411
304.3536
304.36306
304.44294
300.82225
300.84982
300.84683
300.89674
300.91932
300.99734
301.0479
301.14708
301.21566
301.32543
301.40298
301.51613
301.59698
301.7094
301.79035
301.89993
301.97929
302.08509
302.16199
302.26366
302.33774
302.43527
302.50646
302.59994
302.66835
302.75789
302.82384
302.90947
302.97338
303.05504
303.11744
303.19507
303.25634
303.33009
303.39015
303.46069
303.51862
303.58741
303.64135
303.7104
303.75786
303.82916
303.86791
303.94262
303.97152
304.0494
304.06835
304.14804
304.15742
304.23757
300.80148
300.82841
300.82428
300.86729
300.88282
300.94907
300.9896
301.07598
301.13461
301.23272
301.30162
301.40483
301.47853
301.58268
301.65782
301.76058
301.83524
301.93539
302.00848
302.10545
302.17644
302.27002
302.33868
302.42881
302.49517
302.58183
302.6461
302.72921
302.7918
302.87119
302.93257
303.00813
303.06866
303.1405
303.20002
303.26885
303.32637
303.39371
303.44727
303.51524
303.56227
303.63288
303.67116
303.74554
303.774
303.8518
303.87047
303.9502
303.95946
304.03975
300.78285
300.80913
300.80457
300.84214
300.85234
300.90864
300.94063
301.01551
301.06509
301.15225
301.21292
301.30649
301.37315
301.4691
301.53838
301.63422
301.70404
301.79838
301.86749
301.95955
302.02724
302.11666
302.18259
302.26915
302.33324
302.41681
302.47922
302.5596
302.62069
302.69762
302.75782
302.83112
302.89074
302.96052
303.01935
303.08631
303.14327
303.20902
303.26206
303.32879
303.37528
303.44505
303.48276
303.55664
303.58461
303.66215
303.68049
303.76011
303.76921
303.84947
300.76628
300.79185
300.78729
300.82055
300.82681
300.87478
300.89962
300.9643
301.00576
301.08276
301.13571
301.22005
301.2799
301.36778
301.43125
301.52017
301.58508
301.67351
301.7385
301.82552
301.88975
301.97483
302.03786
302.12067
302.18234
302.26261
302.32301
302.40047
302.45989
302.53419
302.59305
302.66394
302.72251
302.79006
302.84806
302.91301
302.96928
303.03329
303.0857
303.15104
303.19688
303.26565
303.30272
303.37592
303.40334
303.48045
303.49841
303.57774
303.58667
303.66674
300.75169
300.77647
300.77216
300.80194
300.80536
300.8464
300.86535
300.92106
300.95536
301.02304
301.06885
301.14445
301.19778
301.27785
301.3356
301.41769
301.47768
301.56018
301.62097
301.70286
301.76352
301.84414
301.90413
301.98305
302.04214
302.11898
302.17721
302.2516
302.30922
302.38074
302.43812
302.50645
302.56382
302.62901
302.68605
302.74886
302.80431
302.86646
302.91811
302.98193
303.02703
303.09464
303.13098
303.20336
303.23015
303.30667
303.3242
303.40309
303.41181
303.49152
300.73902
300.76291
300.75895
300.78587
300.78728
300.8226
300.83676
300.88467
300.91271
300.97195
301.01123
301.07866
301.12582
301.1984
301.2506
301.32601
301.38113
301.45775
301.51431
301.59103
301.64804
301.72413
301.78099
301.85591
301.91231
301.9856
302.04153
302.11273
302.16842
302.23703
302.2928
302.35846
302.41451
302.47723
302.53317
302.59373
302.64824
302.70841
302.7592
302.82138
302.86564
302.93195
302.9675
303.03888
303.06501
303.14075
303.15782
303.23609
303.24458
303.32376
300.72822
300.75109
300.74749
300.77198
300.77202
300.80259
300.81292
300.8541
300.87676
300.92842
300.9618
301.02165
301.06305
301.12852
301.1754
301.24434
301.2947
301.36552
301.41788
301.48946
301.54279
301.61432
301.66797
301.73883
301.79245
301.86211
301.91565
301.98357
302.03721
302.10282
302.15687
302.21976
302.27436
302.33453
302.38925
302.44747
302.50093
302.55902
302.60884
302.66925
302.7126
302.77747
302.81218
302.88241
302.90782
302.98263
302.9992
303.07669
303.08492
303.1634
300.71921
300.74094
300.73764
300.76
300.75912
300.78576
300.79307
300.82848
300.84656
300.89147
300.91958
300.97248
301.00855
301.06732
301.10916
301.1719
301.21764
301.28283
301.33105
301.39755
301.44721
301.51418
301.56459
301.63136
301.68215
301.74812
301.79919
301.86376
301.91527
301.97781
302.03004
302.09009
302.14314
302.20068
302.25408
302.30989
302.36218
302.41811
302.46688
302.52542
302.56778
302.63108
302.66489
302.73382
302.75848
302.8322
302.84825
302.92478
302.93275
303.01035
300.71193
300.73235
300.72926
300.7497
300.74822
300.77157
300.77654
300.80703
300.82126
300.86021
300.88367
300.93023
300.96143
301.01396
301.05106
301.1079
301.14921
301.20896
301.25314
301.31468
301.3607
301.42317
301.47035
301.53304
301.58096
301.64322
301.69177
301.75295
301.80226
301.86169
301.912
301.96917
302.02057
302.07543
302.12741
302.18075
302.23179
302.28549
302.33312
302.3897
302.43102
302.49263
302.5255
302.59298
302.61687
302.68934
302.70484
302.78025
302.78794
302.86451
300.70625
300.72521
300.72223
300.74089
300.73902
300.75961
300.76277
300.78908
300.80011
300.83383
300.85322
300.89407
300.92085
300.96762
301.0003
301.05158
301.0887
301.14322
301.1835
301.24022
301.28269
301.34074
301.38471
301.44336
301.4884
301.54697
301.59296
301.65075
301.6978
301.75409
301.80243
301.85668
301.90637
301.95852
302.00899
302.05982
302.10953
302.16094
302.20736
302.26189
302.30212
302.36193
302.39384
302.45974
302.48284
302.5539
302.56885
302.64298
302.65039
302.72575
300.70204
300.7194
300.71642
300.7334
300.73128
300.74952
300.7513
300.77406
300.78246
300.81162
300.8275
300.86322
300.88605
300.92752
300.95614
301.00221
301.03537
301.08494
301.12148
301.17356
301.21257
301.26632
301.30713
301.36181
301.404
301.45891
301.50233
301.55674
301.6015
301.65467
301.70097
301.75231
301.8002
301.84964
301.89852
301.94683
301.99512
302.04421
302.08937
302.14179
302.18089
302.23879
302.26971
302.33391
302.35621
302.42573
302.44011
302.51282
302.51993
302.59393
300.6991
300.71477
300.7117
300.72709
300.7248
300.74101
300.74176
300.76151
300.76777
300.79297
300.80584
300.83699
300.8563
300.89294
300.91784
300.95909
300.98855
301.03343
301.06643
301.11407
301.14975
301.19934
301.23707
301.28788
301.32725
301.37857
301.41943
301.47051
301.51296
301.56302
301.60725
301.6557
301.70174
301.74847
301.7957
301.84149
301.88831
301.93504
301.97889
302.02914
302.06708
302.12299
302.15292
302.21529
302.2368
302.30463
302.31845
302.38959
302.39641
302.46891
300.69723
300.71116
300.70794
300.72183
300.7194
300.73385
300.73382
300.75102
300.75554
300.77733
300.78763
300.81475
300.83095
300.86322
300.88476
300.92154
300.94758
300.98808
301.01773
301.06115
301.09365
301.13924
301.174
301.22105
301.25767
301.30547
301.34381
301.39161
301.43175
301.47876
301.52089
301.56648
301.61063
301.65469
301.70021
301.74349
301.78878
301.83316
301.87566
301.92369
301.96046
302.0143
302.04324
302.10367
302.12439
302.19042
302.20369
302.27312
302.27965
302.3505
300.69621
300.70842
300.70501
300.71747
300.71494
300.72783
300.72723
300.74224
300.74538
300.76423
300.77237
300.79593
300.80941
300.83775
300.85626
300.88896
300.91184
300.94826
300.97479
301.01423
301.04371
301.08548
301.11737
301.16082
301.19475
301.23915
301.275
301.3196
301.35746
301.40147
301.4415
301.48429
301.52651
301.56794
301.61172
301.65251
301.69624
301.73826
301.77939
301.82517
301.86076
301.91246
301.94042
301.99882
302.01877
302.08288
302.0956
302.16321
302.16945
302.23854
300.69579
300.70638
300.70278
300.7139
300.71129
300.72279
300.72176
300.7349
300.73694
300.75325
300.75959
300.78003
300.79116
300.81598
300.83179
300.86076
300.88077
300.91341
300.93703
300.97273
300.99936
301.03753
301.06668
301.10666
301.13801
301.17913
301.21255
301.25406
301.28965
301.33075
301.36868
301.40874
301.44902
301.48787
301.52988
301.56823
301.61037
301.65005
301.68978
301.7333
301.76771
301.81721
301.84421
301.90049
301.91971
301.98178
301.99398
302.05964
302.06561
302.13281
300.69579
300.7049
300.70114
300.711
300.70832
300.71858
300.71723
300.72876
300.72993
300.74407
300.7489
300.76662
300.77571
300.79741
300.81082
300.83642
300.85382
300.88298
300.90392
300.93614
300.9601
300.99486
301.02142
301.05811
301.08697
301.12494
301.15601
301.19453
301.22791
301.26619
301.30204
301.33945
301.37779
301.41414
301.45435
301.49032
301.53084
301.56822
301.60653
301.64779
301.68102
301.72828
301.75435
301.80844
301.82694
301.88689
301.8986
301.96221
301.96792
302.03311
300.69604
300.70385
300.69996
300.70868
300.70594
300.71507
300.71349
300.72362
300.72411
300.73637
300.73997
300.75532
300.76267
300.7816
300.79289
300.81545
300.83051
300.85648
300.87496
300.90395
300.92543
300.95699
300.9811
301.01468
301.04117
301.07614
301.10494
301.1406
301.17181
301.20739
301.24118
301.27603
301.31244
301.34636
301.38478
301.41843
301.45732
301.49243
301.52934
301.56833
301.6004
301.6454
301.67056
301.7224
301.74022
301.79796
301.8092
301.87067
301.87613
301.93924
300.6964
300.7031
300.69914
300.70682
300.70404
300.71215
300.71041
300.71931
300.71927
300.72992
300.7325
300.74579
300.75167
300.76814
300.77759
300.79741
300.81038
300.83345
300.84968
300.8757
300.89488
300.92346
300.94528
300.97592
301.00017
301.03229
301.05891
301.09184
301.12095
301.15393
301.18572
301.21811
301.2526
301.2842
301.32082
301.35222
301.38949
301.42238
301.45788
301.49464
301.52556
301.56827
301.59256
301.64209
301.65928
301.71475
301.72555
301.7848
301.79002
301.85096
300.69678
300.70257
300.69861
300.70535
300.70255
300.70974
300.70787
300.7157
300.71525
300.7245
300.72626
300.73775
300.74238
300.7567
300.76454
300.78192
300.79303
300.81346
300.82767
300.85095
300.86802
300.89383
300.91351
300.9414
300.96353
300.99297
301.01751
301.04785
301.07494
301.10545
301.13527
301.16532
301.19791
301.22728
301.26212
301.29137
301.327
301.35775
301.39185
301.42639
301.4562
301.49662
301.52007
301.56726
301.58385
301.63699
301.64738
301.70434
301.70935
301.76804
300.69714
300.70219
300.69828
300.70419
300.70139
300.70774
300.70578
300.71266
300.71189
300.71993
300.72102
300.73096
300.73454
300.74697
300.75342
300.76863
300.77809
300.79615
300.80853
300.82931
300.84445
300.86769
300.88539
300.91072
300.93086
300.95777
300.98035
301.00824
301.03338
301.06155
301.08946
301.11729
301.14802
301.17527
301.20833
301.23552
301.26954
301.29821
301.33092
301.3633
301.39201
301.43015
301.4528
301.49763
301.51366
301.56442
301.57444
301.62906
301.63387
301.69026
300.69745
300.7019
300.6981
300.70327
300.70048
300.70607
300.70405
300.71009
300.70908
300.71606
300.71661
300.7252
300.72791
300.73868
300.74394
300.75722
300.76523
300.78116
300.7919
300.81041
300.82378
300.84467
300.86055
300.88349
300.90178
300.92633
300.94704
300.97263
300.99591
301.02187
301.04794
301.07366
301.10258
301.12782
301.15914
301.18436
301.21679
301.24345
301.2748
301.30506
301.33269
301.36857
301.39046
301.43292
301.44843
301.49678
301.50647
301.55869
301.56333
301.61736
300.69769
300.70166
300.69801
300.70254
300.69978
300.70469
300.70262
300.70791
300.7067
300.71277
300.71288
300.72031
300.72228
300.7316
300.73585
300.74743
300.75417
300.76818
300.77747
300.79391
300.8057
300.82442
300.83863
300.85937
300.87592
300.89828
300.91724
300.94067
300.96219
300.98607
301.01036
301.0341
301.06126
301.0846
301.11421
301.13757
301.16842
301.19316
301.22316
301.25137
301.27796
301.31161
301.33277
301.37285
301.3879
301.43381
301.4432
301.493
301.49748
301.54911
300.69788
300.70146
300.69798
300.70194
300.69924
300.70352
300.70143
300.70604
300.70468
300.70994
300.70971
300.71611
300.71749
300.72554
300.72892
300.739
300.74464
300.75694
300.76494
300.77952
300.78987
300.80663
300.8193
300.83801
300.85298
300.87329
300.89061
300.91204
300.93187
300.95381
300.9764
300.99829
301.02373
301.04529
301.07322
301.09483
301.12412
301.14705
301.17572
301.20194
301.22752
301.25898
301.27944
301.31717
301.33178
301.37525
301.38437
301.43172
301.43606
301.48528
300.69802
300.70126
300.69798
300.70145
300.6988
300.70251
300.70041
300.70441
300.70295
300.70749
300.70698
300.7125
300.71338
300.72033
300.72298
300.73174
300.73642
300.74721
300.75406
300.76696
300.77603
300.791
300.80228
300.81913
300.83262
300.85105
300.86684
300.8864
300.90466
300.92479
300.94574
300.9659
300.98969
301.00959
301.03589
301.05584
301.08362
301.10481
301.13219
301.15649
301.18108
301.2104
301.23021
301.2656
301.27982
301.32083
301.32972
301.37461
301.37884
301.42561
300.69811
300.70106
300.69799
300.70101
300.69843
300.70163
300.69952
300.70297
300.70142
300.70533
300.70461
300.70935
300.70983
300.71582
300.71786
300.72545
300.72931
300.73875
300.74461
300.75601
300.76392
300.77727
300.78729
300.80244
300.81458
300.83128
300.84564
300.86348
300.88025
300.8987
300.91811
300.93665
300.95884
300.97719
301.00191
301.02032
301.04661
301.06617
301.09227
301.11475
301.13837
301.16561
301.18479
301.21788
301.23173
301.27031
301.279
301.32143
301.32555
301.36988
300.69817
300.70086
300.698
300.70061
300.6981
300.70084
300.69873
300.70167
300.70006
300.70341
300.70252
300.70659
300.70674
300.71189
300.71341
300.71998
300.72315
300.73139
300.73637
300.74643
300.75333
300.76521
300.77409
300.78769
300.7986
300.81371
300.82675
300.843
300.85837
300.87526
300.89321
300.91026
300.93093
300.94783
300.97102
300.98799
301.01283
301.03086
301.0557
301.07645
301.09912
301.12435
301.14292
301.17376
301.18727
301.22344
301.23195
301.27192
301.27597
301.31784
300.69819
300.70065
300.69798
300.70023
300.69778
300.70009
300.69798
300.70047
300.69882
300.70167
300.70065
300.70412
300.70401
300.70843
300.70952
300.71521
300.71777
300.72496
300.72918
300.73804
300.74403
300.7546
300.76245
300.77466
300.78444
300.79809
300.80993
300.8247
300.83878
300.85423
300.87079
300.88646
300.90567
300.92124
300.94294
300.95859
300.98201
300.99861
301.02222
301.04132
301.06306
301.08637
301.10435
301.13299
301.14619
301.17998
301.18834
301.22586
301.22984
301.26927
300.69818
300.70042
300.69792
300.69984
300.69745
300.69936
300.69726
300.69934
300.69765
300.70006
300.69894
300.70189
300.70157
300.70535
300.70609
300.711
300.71305
300.71932
300.72288
300.73067
300.73587
300.74525
300.75219
300.76312
300.77189
300.78421
300.79493
300.80837
300.82123
300.83536
300.85061
300.86501
300.88283
300.89718
300.91745
300.93186
300.9539
300.96917
300.99158
301.00913
301.02996
301.05143
301.06882
301.09533
301.10822
301.13968
301.1479
301.18301
301.18694
301.22395
300.69814
300.70018
300.69783
300.69942
300.69708
300.69862
300.69653
300.69823
300.69653
300.69853
300.69734
300.69984
300.69935
300.70258
300.70304
300.70726
300.70889
300.71434
300.71734
300.72418
300.72868
300.737
300.74313
300.75291
300.76075
300.77187
300.78157
300.79377
300.80551
300.81843
300.83246
300.84568
300.86218
300.8754
300.8943
300.90758
300.92828
300.94232
300.96355
300.97965
300.99957
301.01928
301.03611
301.06055
301.07315
301.10233
301.11043
301.14316
301.14703
301.18165
300.69807
300.69991
300.69768
300.69896
300.69665
300.69785
300.69577
300.69713
300.69542
300.69707
300.69583
300.69792
300.69731
300.70006
300.70028
300.70391
300.70518
300.70992
300.71243
300.71843
300.72233
300.7297
300.7351
300.74385
300.75086
300.76088
300.76965
300.78073
300.79143
300.80324
300.81612
300.82826
300.84351
300.85569
300.87328
300.88551
300.90492
300.91782
300.93789
300.95263
300.97166
300.98971
301.00597
301.02843
301.04074
301.0677
301.07568
301.10607
301.10991
301.14216
300.69798
300.69962
300.69747
300.69843
300.69615
300.69703
300.69496
300.69601
300.6943
300.69564
300.69436
300.69611
300.6954
300.69773
300.69777
300.70088
300.70186
300.70597
300.70806
300.71333
300.71669
300.72322
300.72798
300.73579
300.74206
300.75109
300.759
300.76906
300.77881
300.78959
300.8014
300.81255
300.82663
300.83785
300.85418
300.86546
300.88362
300.89546
300.9144
300.92788
300.94602
300.96251
300.97819
300.99876
301.01078
301.03558
301.04345
301.07155
301.07536
301.10529
300.69786
300.69929
300.69718
300.69784
300.69556
300.69614
300.69409
300.69486
300.69315
300.69422
300.69292
300.69437
300.69359
300.69555
300.69544
300.69811
300.69884
300.7024
300.70414
300.70876
300.71166
300.71744
300.72163
300.72861
300.73421
300.74234
300.74948
300.7586
300.76747
300.77732
300.78814
300.79838
300.81134
300.82169
300.83682
300.84722
300.86417
300.87505
300.89288
300.90519
300.92245
300.93746
300.95257
300.97133
300.98305
301.00578
301.01352
301.0394
301.04318
301.07083
300.6977
300.69892
300.6968
300.69714
300.69487
300.69517
300.69313
300.69365
300.69197
300.69278
300.69149
300.69267
300.69184
300.69349
300.69327
300.69555
300.69607
300.69916
300.7006
300.70464
300.70715
300.71226
300.71595
300.72218
300.72718
300.7345
300.74094
300.74922
300.75728
300.76627
300.77616
300.78557
300.79749
300.80703
300.82102
300.83062
300.8464
300.85639
300.87314
300.88437
300.90075
300.91439
300.9289
300.94596
300.95735
300.97809
300.9857
301.00943
301.01317
301.0386
300.69751
300.6985
300.69632
300.69635
300.69405
300.6941
300.69208
300.69239
300.69073
300.69133
300.69005
300.69099
300.69014
300.69152
300.69121
300.69315
300.69352
300.69619
300.69738
300.70092
300.70307
300.7076
300.71085
300.71641
300.72087
300.72746
300.73327
300.74077
300.74809
300.7563
300.76533
300.77398
300.78491
300.79371
300.80662
300.81548
300.83013
300.83931
300.85499
300.86524
300.88074
300.8931
300.907
300.92245
300.93351
300.95234
300.95981
300.98145
300.98515
301.00842
300.69729
300.698
300.69572
300.69542
300.69311
300.69293
300.69094
300.69104
300.68942
300.68984
300.68858
300.68932
300.68847
300.68961
300.68923
300.69089
300.69112
300.69343
300.69441
300.69751
300.69937
300.70337
300.70624
300.7112
300.71519
300.72111
300.72635
300.73315
300.73979
300.74728
300.75551
300.76345
300.77347
300.78159
300.79347
300.80164
300.81521
300.82365
300.83829
300.84762
300.86225
300.87343
300.8867
300.90063
300.91133
300.92835
300.93566
300.95529
300.95894
300.98013
300.69701
300.69742
300.69497
300.69437
300.69203
300.69164
300.68968
300.68963
300.68805
300.6883
300.68708
300.68765
300.6868
300.68774
300.68733
300.68873
300.68887
300.69086
300.69166
300.69437
300.69598
300.69952
300.70204
300.70647
300.71003
300.71536
300.72008
300.72624
300.73225
300.73909
300.74659
300.75388
300.76303
300.77051
300.78142
300.78897
300.8015
300.80925
300.82288
300.83137
300.84512
300.8552
300.86783
300.88035
300.89065
300.90596
300.91308
300.9308
300.93439
300.95356
300.69669
300.69672
300.69407
300.69316
300.6908
300.69024
300.68832
300.68813
300.6866
300.68673
300.68554
300.68597
300.68514
300.68591
300.68547
300.68666
300.68671
300.68843
300.6891
300.69147
300.69285
300.69598
300.69821
300.70216
300.70534
300.71013
300.71437
300.71995
300.7254
300.73163
300.73844
300.74513
300.75347
300.76037
300.77035
300.77732
300.78885
300.79597
300.8086
300.81633
300.8292
300.83828
300.85024
300.86144
300.87131
300.88501
300.89192
300.90781
300.91133
300.92858
300.69631
300.69588
300.693
300.6918
300.68943
300.68871
300.68686
300.68655
300.68508
300.6851
300.68397
300.68428
300.68347
300.68409
300.68364
300.68465
300.68465
300.68613
300.68667
300.68874
300.68995
300.69271
300.69468
300.6982
300.70104
300.70534
300.70916
300.7142
300.71912
300.7248
300.73098
300.7371
300.74469
300.75104
300.76015
300.76657
300.77714
300.78368
300.79534
300.80236
300.81435
300.8225
300.83377
300.84376
300.85318
300.86536
300.87202
300.88619
300.88961
300.90503
300.69585
300.69488
300.69174
300.69027
300.68791
300.68707
300.68529
300.68489
300.6835
300.68343
300.68235
300.68256
300.68179
300.68229
300.68184
300.68269
300.68264
300.68392
300.68437
300.68618
300.68722
300.68966
300.6914
300.69453
300.69707
300.70093
300.70436
300.70891
300.71335
300.71851
300.7241
300.7297
300.73658
300.74241
300.75069
300.7566
300.76625
300.77225
300.78296
300.78933
300.80045
300.80775
300.81831
300.82717
300.83609
300.84687
300.85325
300.8658
300.86911
300.88279
300.69531
300.69369
300.69027
300.68858
300.68625
300.68532
300.68362
300.68316
300.68184
300.6817
300.68069
300.68082
300.68009
300.68049
300.68006
300.68077
300.68069
300.68179
300.68216
300.68374
300.68465
300.6868
300.68834
300.69112
300.69339
300.69684
300.69992
300.70402
300.70802
300.71269
300.71773
300.72283
300.72905
300.73439
300.74189
300.74731
300.75608
300.76157
300.77136
300.77712
300.78737
300.79389
300.80372
300.81154
300.81994
300.82941
300.83548
300.84652
300.84968
300.86173
300.69466
300.69228
300.6886
300.68672
300.68444
300.68347
300.68185
300.68135
300.68012
300.67994
300.679
300.67906
300.67838
300.67869
300.67828
300.67888
300.67878
300.67973
300.68004
300.68141
300.6822
300.68409
300.68545
300.68792
300.68994
300.69302
300.69577
300.69946
300.70304
300.70727
300.71179
300.71643
300.72202
300.72689
300.73364
300.73861
300.74653
300.75153
300.76042
300.76563
300.77501
300.7808
300.78989
300.79676
300.8046
300.81287
300.81859
300.82821
300.83122
300.84175
300.69389
300.69062
300.68671
300.68471
300.68251
300.68151
300.68
300.67948
300.67835
300.67813
300.67726
300.67728
300.67665
300.6769
300.67651
300.67701
300.67691
300.67772
300.67797
300.67917
300.67986
300.68152
300.68272
300.6849
300.68669
300.68943
300.69188
300.69518
300.69838
300.70217
300.70622
300.71041
300.71541
300.71983
300.72588
300.73039
300.7375
300.74204
300.75006
300.75474
300.76326
300.76839
300.77671
300.78271
300.78996
300.79712
300.80246
300.81078
300.81361
300.82272
300.69296
300.68869
300.68461
300.68255
300.68047
300.67947
300.67808
300.67756
300.67652
300.67629
300.6755
300.67548
300.67491
300.67509
300.67474
300.67515
300.67505
300.67575
300.67596
300.677
300.67759
300.67904
300.6801
300.68202
300.6836
300.68602
300.6882
300.69113
300.69397
300.69736
300.70095
300.70471
300.70915
300.71314
300.71851
300.72258
300.72891
300.73301
300.74018
300.74436
300.75202
300.75654
300.76409
300.76928
300.77592
300.78207
300.787
300.79412
300.79676
300.80455
300.69184
300.68648
300.68231
300.68025
300.67831
300.67736
300.67609
300.67558
300.67465
300.67441
300.6737
300.67366
300.67315
300.67329
300.67297
300.67331
300.67321
300.6738
300.67398
300.67488
300.6754
300.67666
300.67758
300.67925
300.68064
300.68277
300.68468
300.68726
300.68977
300.69277
300.69593
300.69927
300.70318
300.70674
300.71147
300.71512
300.7207
300.72435
300.7307
300.7344
300.74122
300.74516
300.75193
300.75639
300.76239
300.76761
300.77211
300.77814
300.78055
300.78715
300.69049
300.68398
300.67982
300.67784
300.67607
300.67518
300.67405
300.67357
300.67274
300.67251
300.67188
300.67183
300.67137
300.67148
300.67119
300.67148
300.67139
300.67189
300.67204
300.6728
300.67325
300.67433
300.67513
300.67658
300.67779
300.67964
300.6813
300.68355
300.68573
300.68836
300.69112
300.69405
300.69745
300.70059
300.7047
300.70792
300.71278
300.71601
300.72155
300.72479
300.73077
300.73418
300.74015
300.74394
300.74928
300.75367
300.75769
300.76273
300.76491
300.77041
300.68883
300.68118
300.67717
300.67533
300.67376
300.67294
300.67196
300.67152
300.67081
300.67059
300.67005
300.66998
300.66959
300.66967
300.66942
300.66965
300.66957
300.66999
300.67012
300.67076
300.67114
300.67206
300.67275
300.67398
300.67502
300.6766
300.67803
300.67996
300.68183
300.68409
300.68646
300.68899
300.6919
300.69462
300.69814
300.70094
300.7051
300.7079
300.71266
300.71545
300.72061
300.72351
300.72869
300.73186
300.73652
300.74015
300.74368
300.74782
300.74974
300.75426
300.68679
300.6781
300.67439
300.67274
300.67139
300.67067
300.66983
300.66945
300.66884
300.66865
300.66819
300.66813
300.6678
300.66786
300.66765
300.66783
300.66777
300.66811
300.66821
300.66875
300.66907
300.66983
300.67041
300.67144
300.67231
300.67363
300.67483
300.67646
300.67803
300.67993
300.68191
300.68406
300.6865
300.6888
300.69175
300.69412
300.69761
300.69998
300.70397
300.70633
300.71067
300.71308
300.71747
300.72007
300.72403
300.72697
300.72999
300.73333
300.73498
300.73861
300.68424
300.67477
300.67149
300.67009
300.66897
300.66837
300.66768
300.66736
300.66687
300.6667
300.66633
300.66627
300.666
300.66604
300.66587
300.66602
300.66596
300.66624
300.66632
300.66675
300.66701
300.66763
300.6681
300.66893
300.66964
300.67072
300.6717
300.67302
300.67429
300.67585
300.67746
300.67921
300.68119
300.68308
300.68547
300.68742
300.69025
300.69219
300.69543
300.69736
300.7009
300.70285
300.70643
300.70851
300.71176
300.71407
300.71657
300.71917
300.72054
300.72337
300.681
300.67122
300.66852
300.6674
300.66652
300.66605
300.66551
300.66526
300.66487
300.66474
300.66445
300.6644
300.66419
300.66422
300.66409
300.6642
300.66416
300.66437
300.66444
300.66477
300.66497
300.66545
300.66581
300.66646
300.667
300.66784
300.6686
300.66962
300.67061
300.67182
300.67306
300.67443
300.67596
300.67743
300.67927
300.6808
300.68298
300.6845
300.687
300.6885
300.69124
300.69274
300.69553
300.69711
300.69964
300.70139
300.70334
300.70529
300.70636
300.70847
300.67681
300.6675
300.6655
300.66469
300.66406
300.66372
300.66333
300.66315
300.66288
300.66278
300.66257
300.66254
300.66239
300.66241
300.66231
300.66239
300.66236
300.66251
300.66256
300.66279
300.66294
300.66328
300.66353
300.66399
300.66439
300.66498
300.66552
300.66625
300.66695
300.66782
300.6687
300.66968
300.67077
300.67182
300.67313
300.67422
300.67577
300.67686
300.67864
300.67971
300.68166
300.68273
300.68472
300.68583
300.68764
300.68885
300.69026
300.6916
300.69238
300.69383
300.67121
300.66368
300.66245
300.66196
300.66158
300.66138
300.66115
300.66104
300.66087
300.66081
300.66069
300.66067
300.66058
300.66059
300.66053
300.66058
300.66056
300.66065
300.66068
300.66082
300.66091
300.66111
300.66126
300.66154
300.66177
300.66213
300.66245
300.66289
300.66332
300.66383
300.66436
300.66495
300.6656
300.66623
300.66702
300.66767
300.6686
300.66926
300.67032
300.67096
300.67213
300.67277
300.67396
300.67462
300.67571
300.67642
300.67727
300.67806
300.67852
300.67938
300.66347
300.65981
300.65939
300.65923
300.6591
300.65904
300.65896
300.65892
300.65887
300.65885
300.65881
300.6588
300.65877
300.65877
300.65875
300.65877
300.65876
300.65879
300.6588
300.65885
300.65888
300.65895
300.659
300.65909
300.65917
300.65929
300.65939
300.65954
300.65968
300.65985
300.66003
300.66023
300.66044
300.66065
300.66091
300.66113
300.66144
300.66166
300.66202
300.66223
300.66262
300.66283
300.66323
300.66345
300.66381
300.66404
300.66433
300.66459
300.66474
300.66502
)
;

boundaryField
{
    inlet
    {
        type            fixedValue;
        value           uniform 300.7;
    }
    outlet
    {
        type            zeroGradient;
    }
    wall_membrane
    {
        type            groovyBC;
        refValue        nonuniform List<scalar> 
50
(
310.57533
310.6145
310.65366
310.69283
310.732
310.77116
310.81033
310.8495
310.88866
310.92783
310.96699
311.00616
311.04533
311.08449
311.12366
311.16282
311.20199
311.24116
311.28032
311.31949
311.35866
311.39782
311.43699
311.47615
311.51532
311.55449
311.59365
311.63282
311.67198
311.71115
311.75032
311.78948
311.82865
311.86782
311.90698
311.94615
311.98531
312.02448
312.06365
312.10281
312.14198
312.18114
312.22031
312.25948
312.29864
312.33781
312.37698
312.41614
312.45531
312.49447
)
;
        refGradient     uniform 0;
        valueFraction   uniform 1;
        source          uniform 0;
        value           nonuniform List<scalar> 
50
(
310.57533
310.6145
310.65366
310.69283
310.732
310.77116
310.81033
310.8495
310.88866
310.92783
310.96699
311.00616
311.04533
311.08449
311.12366
311.16282
311.20199
311.24116
311.28032
311.31949
311.35866
311.39782
311.43699
311.47615
311.51532
311.55449
311.59365
311.63282
311.67198
311.71115
311.75032
311.78948
311.82865
311.86782
311.90698
311.94615
311.98531
312.02448
312.06365
312.10281
312.14198
312.18114
312.22031
312.25948
312.29864
312.33781
312.37698
312.41614
312.45531
312.49447
)
;
        valueExpression "Tm";
        gradientExpression "0";
        fractionExpression "1";
        evaluateDuringConstruction 0;
        cyclicSlave     0;
        variables       
12
(
"T_a=300.7;"
"L=0.15;"
"Tp_in=337.5;"
"Tp_out=331.4;"
"T_p=Tp_out-(Tp_out-Tp_in)/L*pos().x;"
"delta_mem=0.0001;"
"lambda_mem=0.053;"
"lambda_alim=0.62;"
"delta_alim=0.001;"
"h_agua=656;"
"h_ef=(lambda_alim/delta_alim)*(1/h_agua+delta_mem/lambda_mem);"
"Tm=((Tp_out-(Tp_out-Tp_in)/L*pos().x)+h_ef*T_a)/(1+h_ef);"
)
;
        timelines       (
);
        lookuptables    (
);
        lookuptables2D  (
);
    }
    wall_up
    {
        type            groovyBC;
        refValue        uniform 300.65786;
        refGradient     uniform 0;
        valueFraction   uniform 1;
        source          uniform 0;
        value           uniform 300.65786;
        valueExpression "T_m";
        gradientExpression "0";
        fractionExpression "1";
        evaluateDuringConstruction 0;
        cyclicSlave     0;
        variables       
10
(
"T_a=300.7;"
"Text=298;"
"L=0.15;"
"delta_ext=0.0261;"
"lambda_ext=15;"
"lambda_alim=0.62;"
"delta_alim=0.001;"
"h_ext=10;"
"h_ef=lambda_alim/delta_alim*(1/h_ext+delta_ext/lambda_ext);"
"T_m=(Text+h_ef*T_a)/(1+h_ef);"
)
;
        timelines       (
);
        lookuptables    (
);
        lookuptables2D  (
);
    }
    sides
    {
        type            empty;
    }
}


// ************************************************************************* //
