/*--------------------------------*- C++ -*----------------------------------*\
| =========                 |                                                 |
| \\      /  F ield         | OpenFOAM: The Open Source CFD Toolbox           |
|  \\    /   O peration     | Version:  2312                                  |
|   \\  /    A nd           | Website:  www.openfoam.com                      |
|    \\/     M anipulation  |                                                 |
\*---------------------------------------------------------------------------*/
FoamFile
{
    version     2.0;
    format      ascii;
    arch        "LSB;label=32;scalar=64";
    class       volScalarField;
    location    "2";
    object      T;
}
// * * * * * * * * * * * * * * * * * * * * * * * * * * * * * * * * * * * * * //

dimensions      [0 0 0 1 0 0 0];

internalField   nonuniform List<scalar> 
4000
(
309.86574
311.05327
311.2139
311.29483
311.35095
311.40508
311.44612
311.49107
311.5267
311.56706
311.6
311.63758
311.66898
311.70469
311.73513
311.7695
311.7993
311.83266
311.86201
311.89457
311.92357
311.95547
311.98415
312.01546
312.04383
312.07457
312.10262
312.13283
312.16054
312.19024
312.21762
312.24686
312.27394
312.30277
312.32958
312.35807
312.38466
312.41288
312.43931
312.46731
312.49362
312.52147
312.54771
312.57546
312.60165
312.62936
312.65549
312.68327
312.70919
312.73766
307.74733
309.89939
310.32128
310.50863
310.62173
310.72876
310.79672
310.87627
310.92797
310.99377
311.03742
311.09488
311.13391
311.18577
311.2219
311.26975
311.30396
311.34879
311.38164
311.42409
311.4559
311.49635
311.52723
311.5659
311.59584
311.63284
311.66181
311.69721
311.72517
311.75906
311.78603
311.81854
311.8446
311.87589
311.90114
311.9314
311.956
311.98543
312.00954
312.03832
312.06209
312.09041
312.11394
312.14197
312.16534
312.19325
312.21643
312.24455
312.26708
312.29719
306.35415
308.77461
309.43441
309.72559
309.89497
310.05419
310.14902
310.26276
310.3306
310.42156
310.47601
310.55314
310.59988
310.66772
310.70963
310.77082
310.80951
310.8657
310.90213
310.95437
310.98905
311.038
311.07113
311.11713
311.14872
311.19197
311.22194
311.26255
311.29085
311.32896
311.35563
311.39145
311.41659
311.45038
311.47418
311.50625
311.52896
311.55962
311.5815
311.61108
311.63237
311.66116
311.68206
311.71035
311.73096
311.75906
311.77933
311.80776
311.82697
311.85844
305.38411
307.70701
308.56235
308.95057
309.17414
309.38384
309.50518
309.65225
309.73619
309.85174
309.91705
310.01343
310.06798
310.15149
310.19928
310.27354
310.31682
310.38415
310.42425
310.48611
310.52376
310.58106
310.61655
310.6698
310.70316
310.75259
310.78372
310.82952
310.85835
310.90069
310.92724
310.96639
310.9908
311.02713
311.04966
311.08357
311.10455
311.13648
311.15628
311.18667
311.20561
311.23488
311.25325
311.28178
311.29974
311.32797
311.34544
311.37411
311.39012
311.42257
304.68032
306.72203
307.71698
308.1903
308.46397
308.72119
308.86813
309.04705
309.14686
309.28607
309.36221
309.47718
309.5396
309.63826
309.69202
309.77897
309.82694
309.90507
309.94895
310.02015
310.06089
310.12633
310.16432
310.22464
310.25993
310.31546
310.34793
310.39888
310.42843
310.47501
310.50166
310.54418
310.5681
310.607
310.62849
310.66429
310.68376
310.717
310.73491
310.76613
310.7829
310.81263
310.82864
310.85737
310.87282
310.90113
310.91593
310.94474
310.95774
310.99071
304.15402
305.83842
306.91143
307.45293
307.77027
308.07052
308.24144
308.45007
308.56517
308.72671
308.8135
308.94613
309.01639
309.1295
309.18928
309.28834
309.34108
309.42957
309.47732
309.5575
309.60143
309.67472
309.71533
309.78252
309.81989
309.88138
309.91538
309.9714
310.00191
310.0527
310.07971
310.12563
310.14932
310.19085
310.21157
310.2493
310.26752
310.30209
310.31836
310.35042
310.36525
310.39543
310.40927
310.43817
310.45129
310.4796
310.49191
310.52073
310.53097
310.56398
303.75203
305.06789
306.15847
306.74737
307.09953
307.43681
307.62919
307.86465
307.99408
308.17618
308.27321
308.42228
308.50022
308.62688
308.69263
308.80311
308.86064
308.95892
309.01059
309.09929
309.14648
309.22725
309.27058
309.34436
309.38396
309.45121
309.48694
309.54792
309.57962
309.63458
309.66222
309.71153
309.73529
309.77947
309.79972
309.83943
309.8567
309.89264
309.90755
309.94046
309.95361
309.98421
309.99613
310.02514
310.03616
310.06437
310.0744
310.10308
310.11087
310.14344
303.43963
304.41406
305.46903
306.08246
306.45859
306.82541
307.03585
307.29451
307.43683
307.63729
307.74388
307.90788
307.99317
308.13226
308.20384
308.32487
308.38712
308.4945
308.55009
308.64675
308.69723
308.78503
308.83116
308.91117
308.95312
309.02587
309.06351
309.12928
309.1624
309.22145
309.24999
309.30268
309.3268
309.37366
309.39376
309.43547
309.45211
309.48945
309.50331
309.53708
309.54884
309.57985
309.59012
309.61918
309.62835
309.65637
309.66438
309.69272
309.69841
309.73013
303.19376
303.87445
304.85115
305.46622
305.85409
306.24178
306.466
306.74354
306.89684
307.11302
307.2282
307.40533
307.49745
307.64766
307.72476
307.85535
307.92216
308.03784
308.09726
308.20122
308.25498
308.34926
308.39823
308.48404
308.52842
308.60636
308.64604
308.71639
308.75113
308.81414
308.84384
308.89984
308.92465
308.97416
308.99444
309.03817
309.05452
309.09327
309.10641
309.14105
309.15174
309.18314
309.19206
309.22111
309.22871
309.25643
309.26272
309.29053
309.29449
309.32497
302.99763
303.44067
304.30936
304.90513
305.29203
305.69112
305.92415
306.21566
306.37756
306.60645
306.72895
306.91714
307.01535
307.17516
307.25737
307.39633
307.46745
307.59051
307.65361
307.76411
307.82106
307.92122
307.97297
308.06409
308.11094
308.19369
308.2355
308.31016
308.3467
308.41349
308.44459
308.50381
308.52957
308.58171
308.60249
308.64824
308.66463
308.70481
308.71758
308.75308
308.76304
308.79479
308.80269
308.83167
308.83802
308.86533
308.87019
308.89729
308.89989
308.92885
302.8393
303.10098
303.84456
304.40353
304.7773
305.17809
305.41449
305.71463
305.88236
306.1206
306.24887
306.44581
306.54919
306.71692
306.80364
306.94969
307.02474
307.15414
307.22066
307.33687
307.39684
307.50219
307.55664
307.65251
307.7018
307.7889
307.83291
307.91154
307.94999
308.02034
308.05303
308.11534
308.14231
308.19702
308.21859
308.26634
308.28311
308.32471
308.33745
308.37381
308.38338
308.41547
308.42267
308.45153
308.45694
308.48374
308.48751
308.51371
308.51532
308.54254
302.70966
302.84117
303.45426
303.96346
304.31337
304.70647
304.94062
305.24384
305.41436
305.65837
305.7906
305.99382
306.10124
306.27504
306.36554
306.51727
306.59574
306.73037
306.79997
306.92098
306.98372
307.09349
307.15049
307.25048
307.30212
307.39308
307.43926
307.52149
307.56192
307.63554
307.66998
307.73519
307.76359
307.82076
307.84341
307.89311
307.91057
307.95357
307.96662
308.00382
308.01335
308.04574
308.0526
308.08127
308.08609
308.11227
308.11529
308.14044
308.1414
308.16674
302.60195
302.64657
303.13326
303.5845
303.90199
304.27894
304.50538
304.80617
304.97626
305.22236
305.35657
305.56344
305.67361
305.85155
305.94496
306.10086
306.18215
306.3208
306.39304
306.51787
306.58307
306.69646
306.75575
306.8592
306.91303
307.00729
307.05558
307.14095
307.18338
307.25995
307.29622
307.3641
307.39411
307.45359
307.47756
307.52912
307.54757
307.59193
307.60562
307.64362
307.65346
307.68612
307.69298
307.72141
307.72599
307.75147
307.75406
307.77803
307.77864
307.80205
302.51104
302.50291
302.87428
303.2641
303.54323
303.89691
304.11068
304.4038
304.57026
304.81477
304.94888
305.15673
305.26826
305.44831
305.54365
305.70215
305.78556
305.92697
306.00134
306.12895
306.19621
306.31235
306.37366
306.47982
306.53563
306.63259
306.68285
306.77088
306.81525
306.8944
306.93253
307.00282
307.03455
307.09616
307.12164
307.17496
307.19464
307.24029
307.25493
307.2937
307.30418
307.33705
307.34427
307.3724
307.37706
307.40177
307.40427
307.42697
307.4275
307.44898
302.43309
302.39743
302.66891
302.9979
303.23547
303.56046
303.7574
304.03815
304.19795
304.43734
304.56925
304.77544
304.88684
305.06698
305.16319
305.32268
305.40742
305.5503
305.62621
305.75553
305.82441
305.9424
306.00536
306.11348
306.171
306.27
306.32204
306.41219
306.4584
306.53969
306.57968
306.65204
306.68557
306.74908
306.77622
306.83113
306.85229
306.89912
306.91498
306.95446
306.96588
306.99894
307.00682
307.03462
307.03969
307.06358
307.06628
307.08766
307.08834
307.10795
302.36526
302.31936
302.50831
302.78024
302.97569
303.26843
303.44538
303.70978
303.8602
304.09124
304.21892
304.42092
304.5307
304.70893
304.8049
304.96379
305.04902
305.19207
305.26886
305.39882
305.4688
305.58773
305.65193
305.76122
305.82012
305.9205
305.97407
306.06578
306.11365
306.19662
306.23838
306.31246
306.3478
306.41293
306.44183
306.49816
306.52095
306.56885
306.58617
306.62626
306.63892
306.6721
306.68096
306.70837
306.71416
306.73719
306.74038
306.76044
306.76144
306.77931
302.30544
302.2601
302.38393
302.60475
302.75974
303.01852
303.17343
303.41839
303.55717
303.77704
303.89863
304.09411
304.20082
304.37524
304.46984
304.62658
304.71143
304.85337
304.93035
305.05987
305.13039
305.24934
305.31434
305.424
305.48391
305.58498
305.63978
305.73245
305.78178
305.86593
305.90932
305.98472
306.02181
306.08827
306.11897
306.17649
306.20105
306.24986
306.26883
306.30945
306.32359
306.35682
306.36693
306.39393
306.4007
306.42288
306.42677
306.44556
306.44703
306.4633
302.2521
302.21322
302.28791
302.4648
302.58273
302.80752
302.93951
303.16289
303.28833
303.49469
303.60857
303.79546
303.89776
304.06663
304.15877
304.31189
304.39549
304.53507
304.61154
304.73956
304.81005
304.92811
304.99343
305.10266
305.16319
305.26425
305.31995
305.41297
305.46348
305.5483
305.59314
305.66942
305.70817
305.77561
305.80811
305.86655
305.89295
305.9425
305.96327
306.00429
306.02012
306.05334
306.06494
306.09149
306.09948
306.1208
306.12562
306.1432
306.14525
306.1601
302.20412
302.17417
302.21349
302.35396
302.43939
302.6316
302.74083
302.94147
303.05247
303.24355
303.34842
303.52498
303.62167
303.78343
303.87211
304.02025
304.10174
304.23781
304.31307
304.43858
304.50846
304.62475
304.68988
304.79793
304.85864
304.959
305.01523
305.108
305.1594
305.24435
305.2904
305.36712
305.40737
305.47543
305.50965
305.56875
305.59701
305.64708
305.66976
305.71104
305.72871
305.76184
305.77511
305.8012
305.8106
305.83111
305.837
305.85348
305.85619
305.86981
302.16068
302.13996
302.15506
302.26634
302.32445
302.48652
302.57411
302.75174
302.84781
303.02244
303.11737
303.28221
303.3723
303.52562
303.60992
303.75189
303.83049
303.96198
304.03534
304.15742
304.2261
304.33979
304.40425
304.51036
304.57082
304.6698
304.72619
304.8181
304.87005
304.95459
305.0016
305.07829
305.11986
305.18814
305.22398
305.28341
305.31351
305.36386
305.3885
305.42988
305.44951
305.48247
305.49756
305.52316
305.53412
305.55386
305.56095
305.57645
305.57986
305.59247
302.12118
302.10878
302.10824
302.1968
302.23284
302.36797
302.43571
302.5909
302.67212
302.82972
302.91412
303.06627
303.149
303.29282
303.37197
303.50675
303.58174
303.70771
303.77854
303.89634
303.96326
304.0736
304.13687
304.24036
304.30013
304.39711
304.45325
304.54371
304.59588
304.67949
304.72715
304.80334
304.84599
304.9141
304.9514
305.01084
305.0427
305.09309
305.11968
305.16099
305.18264
305.21532
305.23234
305.25743
305.27006
305.28908
305.29744
305.31211
305.31625
305.32804
302.08517
302.07962
302.06969
302.14103
302.16
302.27171
302.32192
302.45588
302.52284
302.66336
302.73704
302.87592
302.95077
303.08431
303.15769
303.28445
303.35522
303.47488
303.54261
303.65537
303.72002
303.82631
303.88794
303.98816
304.04681
304.1412
304.19671
304.28518
304.3372
304.41936
304.46737
304.54259
304.58607
304.6536
304.69216
304.75127
304.78477
304.83493
304.86344
304.90449
304.92816
304.96046
304.97946
305.00401
305.01837
305.03674
305.04642
305.06039
305.06527
305.07645
302.05229
302.05204
302.03703
302.09557
302.10192
302.19382
302.22908
302.34349
302.39721
302.52109
302.58418
302.70958
302.77628
302.89904
302.96623
303.08435
303.15041
303.2631
303.32725
303.43435
303.49625
303.59789
303.65745
303.75384
303.81097
303.90222
303.95673
304.04269
304.09421
304.17443
304.22247
304.29628
304.3403
304.40685
304.44646
304.50489
304.53987
304.58953
304.61985
304.66044
304.68611
304.71792
304.73889
304.76288
304.77898
304.79677
304.80776
304.82119
304.82679
304.83755
302.02223
302.0259
302.0086
302.05774
302.05526
302.13079
302.15374
302.25059
302.29237
302.40045
302.4534
302.56546
302.624
302.73575
302.79647
302.90556
302.96654
303.07179
303.13194
303.23287
303.29164
303.38813
303.44522
303.5373
303.59253
303.68017
303.73331
303.8163
303.86698
303.94483
303.99256
304.06454
304.10882
304.17399
304.2144
304.27182
304.30809
304.35696
304.38896
304.4289
304.45647
304.48767
304.51056
304.53398
304.55179
304.56905
304.58133
304.59436
304.60065
304.61116
301.99476
302.00119
301.98333
302.02557
302.01732
302.07958
302.09276
302.1742
302.20555
302.29895
302.34245
302.44162
302.49217
302.59294
302.64712
302.74697
302.80264
302.90013
302.95599
303.05037
303.10567
303.19661
303.25091
303.33826
303.39127
303.47489
303.52634
303.60595
303.65546
303.73053
303.77766
303.8474
303.89165
303.95508
303.99603
304.0521
304.08944
304.13725
304.17075
304.20983
304.23919
304.26966
304.29439
304.31719
304.33665
304.35344
304.36695
304.37969
304.38664
304.39705
301.96965
301.97798
301.96053
301.99764
301.98597
302.03765
302.04338
302.11157
302.13406
302.21412
302.24904
302.336
302.37894
302.469
302.51671
302.60731
302.65757
302.74714
302.79851
302.8861
302.93768
303.02278
303.07401
303.15631
303.20682
303.28609
303.33556
303.41144
303.45949
303.53143
303.57764
303.6448
303.68873
303.75008
303.79129
303.8457
303.88387
303.93036
303.96517
304.00318
304.03417
304.06378
304.09022
304.11238
304.13337
304.14974
304.1644
304.17696
304.18452
304.19497
301.94673
301.95631
301.93979
301.97296
301.95961
302.00296
302.00327
302.06025
302.07545
302.14362
302.17094
302.24655
302.28242
302.36221
302.40366
302.48519
302.53006
302.61169
302.65848
302.73915
302.78685
302.86591
302.91388
302.9909
303.03868
303.11333
303.16057
303.23245
303.27878
303.34728
303.39231
303.45658
303.4999
303.55886
303.60007
303.65254
303.69129
303.73621
303.7721
303.80885
303.84127
303.86991
303.8979
303.91936
303.94176
303.95774
303.97345
303.98591
303.99403
304.00461
301.92581
301.93623
301.92086
301.95089
301.93708
301.97388
301.97047
302.01813
302.02752
302.08525
302.10602
302.17127
302.20071
302.27082
302.30636
302.37914
302.41875
302.49257
302.53477
302.60852
302.65225
302.7252
302.76974
302.84135
302.88621
302.95608
303.00088
303.06854
303.11292
303.17774
303.22134
303.28246
303.32492
303.38122
303.42217
303.47243
303.51151
303.55462
303.59136
303.62667
303.6603
303.68785
303.71721
303.73792
303.76159
303.77718
303.79383
303.80625
303.81486
303.82566
301.90676
301.91773
301.90359
301.93099
301.91752
301.94919
301.94342
301.98342
301.98832
302.03705
302.0523
302.10826
302.13197
302.19312
302.22318
302.28764
302.32222
302.38848
302.42617
302.49311
302.53286
302.59969
302.64075
302.70688
302.74871
302.81367
302.85588
302.91917
302.96141
303.02239
303.06434
303.1221
303.16346
303.21688
303.25732
303.30514
303.3443
303.38539
303.42274
303.45643
303.49105
303.51739
303.54791
303.56783
303.59257
303.60779
303.62524
303.63767
303.6467
303.65777
301.88945
301.90078
301.88789
301.913
301.90035
301.92797
301.92088
301.95464
301.95623
301.99729
302.00802
302.05575
302.07446
302.12744
302.1525
302.20918
302.23904
302.29808
302.33142
302.39175
302.42758
302.48839
302.52594
302.58662
302.62535
302.68538
302.72488
302.78373
302.82368
302.88068
302.9208
302.97505
303.0151
303.06546
303.10515
303.15035
303.18934
303.22824
303.26594
303.29787
303.33325
303.35827
303.38972
303.40879
303.43444
303.44927
303.46739
303.47983
303.4892
303.50056
301.87377
301.88536
301.87369
301.89674
301.88518
301.90954
301.90191
301.93061
301.92986
301.96446
301.97158
302.01213
302.02657
302.07219
302.0928
302.1423
302.1678
302.22003
302.24926
302.30325
302.33527
302.39024
302.42433
302.47965
302.51526
302.57038
302.60712
302.6615
302.69906
302.75202
302.79017
302.8408
302.87936
302.92653
302.96527
303.0077
303.04629
303.08285
303.12066
303.15069
303.18657
303.21018
303.24235
303.26051
303.28686
303.30127
303.31992
303.33237
303.34202
303.35366
301.85964
301.87141
301.86095
301.8821
301.87174
301.89342
301.88579
301.91039
301.90809
301.93731
301.94162
301.97597
301.98686
302.02593
302.04264
302.0856
302.10713
302.15303
302.17842
302.22642
302.25481
302.30417
302.33489
302.385
302.41753
302.46783
302.50179
302.55173
302.58684
302.63574
302.67182
302.71878
302.7557
302.79958
302.83718
302.87674
302.91471
302.94882
302.9865
303.01454
303.05068
303.07279
303.10545
303.12264
303.1495
303.16345
303.1825
303.19493
303.20478
303.21667
301.84698
301.8589
301.84961
301.869
301.85984
301.87926
301.87198
301.89324
301.89001
301.91476
301.91698
301.94603
301.95401
301.98733
302.00067
302.03774
302.05573
302.09583
302.11767
302.16007
302.18505
302.22909
302.25658
302.30169
302.3312
302.37684
302.40802
302.45362
302.48625
302.53113
302.56506
302.60834
302.64351
302.68408
302.72038
302.757
302.79415
302.82573
302.86306
302.88902
302.92519
302.94573
302.97865
302.99481
303.022
303.03544
303.05475
303.0671
303.07708
303.08918
301.83577
301.8478
301.83962
301.85737
301.84935
301.86682
301.86009
301.87861
301.87491
301.89598
301.89668
301.92124
301.92689
301.95522
301.96571
301.99754
302.01241
302.04722
302.06586
302.10308
302.12488
302.16394
302.18836
302.22873
302.25534
302.29648
302.32496
302.36635
302.3965
302.43745
302.46919
302.50884
302.54216
302.57942
302.61428
302.64793
302.68409
302.7131
302.74987
302.7737
302.80968
302.8286
302.86157
302.87663
302.90397
302.91685
302.93628
302.94849
302.95854
302.97077
301.826
301.83806
301.83095
301.84714
301.84018
301.85591
301.84984
301.86607
301.86224
301.88025
301.87991
301.9007
301.90453
301.92855
301.93667
301.96388
301.97604
302.00611
302.02187
302.05436
302.07324
302.10768
302.12923
302.16514
302.18898
302.22586
302.25172
302.28906
302.31678
302.35392
302.38347
302.41956
302.45098
302.48497
302.51828
302.54899
302.584
302.61042
302.64645
302.66812
302.70371
302.72095
302.75377
302.7677
302.79501
302.80725
302.82669
302.83869
302.84874
302.86102
301.8177
301.82968
301.82353
301.83824
301.83223
301.8464
301.84101
301.8553
301.85155
301.86703
301.86602
301.88365
301.8861
301.90643
301.91262
301.93578
301.94563
301.97147
301.98469
302.01289
302.02914
302.05932
302.07822
302.10997
302.13121
302.16408
302.18744
302.22093
302.24629
302.27977
302.30714
302.33979
302.36928
302.40007
302.43177
302.45957
302.49331
302.51716
302.55228
302.57179
302.6068
302.62235
302.65483
302.66757
302.6947
302.70624
302.72557
302.73727
302.74727
302.75949
301.81088
301.82262
301.81732
301.83062
301.82542
301.83815
301.83342
301.84605
301.84252
301.85589
301.85448
301.86946
301.87089
301.88809
301.89272
301.91239
301.92028
301.94239
301.9534
301.97775
301.99163
302.01794
302.03442
302.06233
302.08115
302.11028
302.13125
302.16113
302.18421
302.21422
302.23946
302.26881
302.29637
302.32408
302.3541
302.37907
302.41144
302.43277
302.46684
302.48421
302.51846
302.53231
302.56429
302.5758
302.60261
302.61338
302.6325
302.64381
302.65371
302.66575
301.80556
301.81682
301.81222
301.82418
301.81967
301.83106
301.82693
301.8381
301.83488
301.84646
301.84486
301.85763
301.85832
301.87288
301.87628
301.89293
301.89921
301.91805
301.92715
301.94807
301.95986
301.98267
301.99695
302.02136
302.03794
302.06361
302.08236
302.10886
302.12976
302.15651
302.17967
302.2059
302.23154
302.25631
302.28462
302.30686
302.33778
302.35667
302.38956
302.40484
302.4382
302.45035
302.48168
302.49193
302.51829
302.52822
302.54706
302.55787
302.56762
302.57938
301.8017
301.81222
301.80817
301.81882
301.81489
301.82504
301.82144
301.83132
301.82841
301.83849
301.83684
301.84775
301.84793
301.86025
301.8627
301.87678
301.88172
301.89772
301.9052
301.92309
301.93305
301.95272
301.96503
301.98627
302.00079
302.0233
302.03997
302.06335
302.0822
302.1059
302.12707
302.15037
302.17413
302.1961
302.22269
302.24234
302.27174
302.28829
302.31991
302.33315
302.36549
302.37597
302.40653
302.4155
302.44129
302.45033
302.4688
302.47902
302.48859
302.49994
301.79917
301.8087
301.80505
301.81445
301.81099
301.81997
301.81684
301.82554
301.82297
301.83174
301.83013
301.83947
301.83932
301.84976
301.85148
301.86337
301.86723
301.88077
301.88688
301.90213
301.91048
301.92737
301.93792
301.95631
301.96898
301.9886
302.00337
302.02388
302.0408
302.06168
302.08096
302.10151
302.12344
302.1428
302.16768
302.18489
302.21273
302.22706
302.25732
302.26861
302.29982
302.30867
302.33834
302.34603
302.37117
302.37925
302.39729
302.40683
302.41618
302.42701
301.79777
301.80612
301.80274
301.81095
301.80786
301.81575
301.81301
301.82066
301.81839
301.82603
301.82451
301.83254
301.83218
301.84103
301.84221
301.85224
301.85523
301.86667
301.87162
301.88456
301.89154
301.90598
301.91498
301.93082
301.94182
301.95884
301.97186
301.98976
302.00489
302.02319
302.04067
302.05869
302.07886
302.09578
302.11897
302.13389
302.16017
302.1724
302.20126
302.21069
302.24069
302.24796
302.27665
302.28305
302.30746
302.31454
302.33209
302.34086
302.34998
302.36016
301.79721
301.80431
301.80111
301.8082
301.80541
301.81229
301.80988
301.81657
301.81457
301.82122
301.81983
301.82672
301.82625
301.83376
301.83454
301.84299
301.8453
301.85493
301.85893
301.86987
301.87568
301.88796
301.89562
301.90918
301.9187
301.93339
301.94482
301.96036
301.97384
301.98978
302.00557
302.02128
302.03976
302.05445
302.07598
302.08878
302.11348
302.12377
302.15117
302.15886
302.18758
302.19334
302.22097
302.2261
302.24971
302.25575
302.27279
302.28069
302.28955
302.29899
301.79719
301.80309
301.80002
301.80607
301.80353
301.80948
301.80734
301.81316
301.81141
301.81717
301.81591
301.82183
301.82131
301.82768
301.82818
301.8353
301.83706
301.84516
301.84838
301.8576
301.86241
301.87282
301.87929
301.89087
301.89906
301.91168
301.92168
301.93509
301.94707
301.96087
301.97509
301.98869
302.00556
302.01821
302.03813
302.049
302.07213
302.08062
302.10654
302.11261
302.14
302.14432
302.17084
302.17473
302.19749
302.20246
302.21894
302.22591
302.23451
302.24309
301.79746
301.80228
301.79935
301.80446
301.80212
301.80723
301.80532
301.81035
301.8088
301.81379
301.81266
301.81774
301.8172
301.82261
301.8229
301.82889
301.83023
301.83702
301.8396
301.84734
301.85132
301.86009
301.86556
301.87538
301.88242
301.8932
301.90192
301.91344
301.92403
301.93592
301.94868
301.96038
301.97573
301.98653
302.0049
302.01401
302.03558
302.04244
302.06687
302.07144
302.09747
302.10044
302.1258
302.12848
302.15035
302.15423
302.17014
302.17611
302.18443
302.19207
301.79782
301.80176
301.79897
301.80326
301.8011
301.80545
301.80372
301.80804
301.80667
301.81096
301.80995
301.8143
301.81377
301.81836
301.8185
301.82353
301.82455
301.83022
301.83229
301.83877
301.84204
301.84941
301.854
301.86231
301.86832
301.87749
301.88506
301.89491
301.90424
301.91443
301.92584
301.93584
301.94976
301.9589
301.97578
301.98331
302.00336
302.00874
302.03167
302.03489
302.05952
302.06124
302.0854
302.08692
302.10788
302.11067
302.12597
302.13091
302.13894
302.14556
301.79816
301.8014
301.79879
301.80236
301.80037
301.80404
301.80248
301.80617
301.80495
301.80861
301.80771
301.81142
301.81091
301.81479
301.81483
301.81904
301.81981
301.82454
301.82618
301.83158
301.83426
301.84043
301.84428
301.85126
301.85639
301.86414
301.8707
301.87907
301.88728
301.89595
301.90612
301.91461
301.9272
301.93486
301.95031
301.95643
301.975
301.97906
302.00051
302.0025
302.02572
302.02629
302.04923
302.04964
302.06966
302.07136
302.08606
302.08991
302.09765
302.10319
301.79843
301.80114
301.79874
301.8017
301.79987
301.80295
301.80153
301.80464
301.80355
301.80666
301.80586
301.80899
301.80852
301.81178
301.81175
301.81527
301.81583
301.81976
301.82106
301.82554
301.82773
301.83287
301.83608
301.84192
301.84628
301.85281
301.85847
301.86555
301.87273
301.88008
301.88912
301.89627
301.90761
301.91397
301.92806
301.93294
301.95006
301.95297
301.97294
301.97384
301.99566
301.99518
302.01688
302.01624
302.03531
302.03594
302.05002
302.05276
302.06021
302.06461
301.79863
301.80093
301.79876
301.8012
301.79953
301.80209
301.80081
301.80342
301.80243
301.80505
301.80432
301.80695
301.80651
301.80923
301.80915
301.81207
301.81247
301.81572
301.81674
301.82044
301.82222
301.82648
301.82915
301.83401
301.8377
301.84317
301.84804
301.85399
301.86026
301.86645
301.87445
301.88044
301.89061
301.89583
301.90863
301.91243
301.92816
301.93005
301.94858
301.94852
301.96893
301.9675
301.98796
301.98635
302.00446
302.00405
302.0175
302.01913
302.02628
302.02951
301.79876
301.80074
301.7988
301.80082
301.79931
301.80142
301.80026
301.80242
301.80153
301.8037
301.80303
301.80523
301.8048
301.80705
301.80693
301.80933
301.80961
301.81227
301.81307
301.81611
301.81755
301.82105
301.82326
301.82729
301.8304
301.83495
301.83912
301.84411
301.84956
301.85474
301.8618
301.86678
301.87587
301.8801
301.89168
301.89454
301.90893
301.90994
301.92705
301.92616
301.94517
301.94291
301.96212
301.95962
301.97675
301.97535
301.98817
301.98868
301.99553
301.99757
301.79883
301.80055
301.79885
301.80051
301.79916
301.80089
301.79983
301.80161
301.80079
301.80257
301.80195
301.80375
301.80333
301.80518
301.80502
301.80698
301.80715
301.80931
301.80992
301.81239
301.81355
301.81641
301.81823
301.82154
301.82415
301.82792
301.83149
301.83563
301.84036
301.84467
301.85087
301.85497
301.86306
301.86644
301.87687
301.87893
301.89203
301.8923
301.90802
301.90642
301.92405
301.92107
301.93903
301.93571
301.95186
301.94951
301.96169
301.96111
301.96766
301.9685
301.79886
301.80037
301.79889
301.80025
301.79905
301.80045
301.7995
301.80093
301.80017
301.80161
301.80102
301.80247
301.80206
301.80354
301.80334
301.80491
301.805
301.80673
301.80719
301.80917
301.81009
301.8124
301.81389
301.81659
301.81878
301.82188
301.82491
301.82833
301.83242
301.83598
301.84141
301.84475
301.85193
301.85457
301.86392
301.8653
301.87716
301.87681
301.89119
301.88899
301.90526
301.90165
301.91837
301.91433
301.9295
301.92626
301.93779
301.93615
301.94238
301.94205
301.79886
301.80017
301.79891
301.80002
301.79896
301.80009
301.79922
301.80035
301.79964
301.80076
301.8002
301.80133
301.80092
301.80207
301.80185
301.80308
301.80309
301.80445
301.80477
301.80634
301.80706
301.80891
301.81012
301.8123
301.81412
301.81664
301.81921
301.82202
301.82554
301.82845
301.83319
301.83588
301.84221
301.84424
301.85257
301.85338
301.86406
301.86319
301.87626
301.87358
301.88851
301.88438
301.89987
301.89519
301.90937
301.90531
301.91619
301.91353
301.91945
301.91796
301.79883
301.79998
301.7989
301.7998
301.79888
301.79976
301.79897
301.79983
301.79916
301.8
301.79945
301.80029
301.79987
301.80074
301.80048
301.80141
301.80135
301.80239
301.8026
301.80382
301.80436
301.80582
301.80679
301.80853
301.81003
301.81207
301.81424
301.81652
301.81953
301.8219
301.826
301.82815
301.8337
301.8352
301.84258
301.84292
301.85247
301.85119
301.863
301.85993
301.87355
301.86899
301.88326
301.87803
301.89122
301.88642
301.89664
301.89302
301.89861
301.89602
301.79877
301.79978
301.79886
301.79959
301.79879
301.79945
301.79873
301.79934
301.79869
301.79928
301.79873
301.79932
301.79888
301.79949
301.79919
301.79986
301.79973
301.8005
301.80061
301.80153
301.80192
301.80305
301.80381
301.80518
301.80641
301.80804
301.80986
301.81169
301.81426
301.81616
301.81969
301.82138
301.82621
301.82727
301.83376
301.83371
301.8422
301.84058
301.85118
301.84781
301.86015
301.85525
301.86831
301.86262
301.87483
301.86937
301.87891
301.87441
301.87967
301.87603
301.79869
301.79957
301.7988
301.79937
301.79867
301.79914
301.79846
301.79885
301.79822
301.79857
301.79801
301.79836
301.7979
301.79828
301.79794
301.79838
301.7982
301.79873
301.79875
301.79941
301.79968
301.80052
301.80111
301.80216
301.80316
301.80444
301.80595
301.80741
301.80958
301.81108
301.81411
301.8154
301.81957
301.82027
301.82593
301.82556
301.83304
301.83117
301.8406
301.837
301.8481
301.84295
301.85482
301.84876
301.85998
301.85395
301.86281
301.8575
301.86242
301.85781
301.79859
301.79936
301.79872
301.79914
301.79852
301.7988
301.79816
301.79834
301.7977
301.79784
301.79726
301.7974
301.79691
301.79708
301.7967
301.79694
301.7967
301.79702
301.79696
301.7974
301.79757
301.79816
301.79861
301.7994
301.80019
301.80118
301.80243
301.80357
301.80539
301.80655
301.80912
301.81008
301.81365
301.81404
301.81894
301.81831
301.82483
301.82276
301.83108
301.82733
301.83722
301.8319
301.84261
301.83627
301.84651
301.83999
301.84816
301.84212
301.84669
301.8412
301.79846
301.79915
301.79861
301.7989
301.79833
301.79843
301.79779
301.79777
301.79712
301.79706
301.79645
301.7964
301.79587
301.79586
301.79545
301.7955
301.79521
301.79535
301.79523
301.79548
301.79555
301.79594
301.79626
301.79682
301.79745
301.79819
301.7992
301.80008
301.80159
301.80247
301.80463
301.8053
301.80833
301.80846
301.81264
301.8118
301.81743
301.81522
301.82248
301.81863
301.82737
301.82193
301.83151
301.82497
301.83423
301.82732
301.83479
301.82814
301.83234
301.82607
301.79831
301.79893
301.79847
301.79862
301.79808
301.798
301.79735
301.79713
301.79645
301.7962
301.79556
301.79533
301.79477
301.79459
301.79414
301.79403
301.7937
301.79368
301.7935
301.79359
301.79358
301.7938
301.79401
301.79439
301.79487
301.7954
301.79622
301.79686
301.7981
301.79874
301.80053
301.80096
301.80349
301.8034
301.80692
301.80592
301.81072
301.8084
301.81466
301.81076
301.81839
301.81292
301.82139
301.81472
301.82303
301.81582
301.82258
301.81541
301.81925
301.8123
301.79814
301.79871
301.79829
301.7983
301.79775
301.79748
301.7968
301.79639
301.79568
301.79525
301.79457
301.79418
301.79358
301.79326
301.79277
301.79252
301.79215
301.792
301.79176
301.79171
301.79164
301.79172
301.79184
301.79206
301.79241
301.79277
301.79341
301.79387
301.79486
301.7953
301.79675
301.79698
301.79905
301.79878
301.8017
301.80056
301.80458
301.8022
301.80751
301.80361
301.81019
301.80472
301.81214
301.80542
301.81278
301.80536
301.81142
301.80383
301.8073
301.79979
301.79794
301.79849
301.79808
301.79793
301.79733
301.79687
301.79612
301.79553
301.79476
301.79417
301.79345
301.79292
301.79229
301.79183
301.79131
301.79094
301.79054
301.79027
301.78999
301.78983
301.78969
301.78965
301.7897
301.78979
301.79003
301.79025
301.79074
301.79103
301.79181
301.79208
301.79323
301.79329
301.79494
301.79452
301.79687
301.79563
301.79893
301.79651
301.80094
301.79707
301.80265
301.79725
301.80364
301.79694
301.80338
301.79584
301.80121
301.79332
301.79641
301.78845
301.79772
301.79826
301.79781
301.79747
301.79679
301.79612
301.7953
301.79453
301.7937
301.79296
301.7922
301.79153
301.79087
301.7903
301.78975
301.78928
301.78885
301.78848
301.78817
301.78791
301.78773
301.78759
301.78757
301.78755
301.78771
301.78781
301.78816
301.78832
301.78892
301.78903
301.78991
301.78982
301.7911
301.79054
301.79239
301.79106
301.79369
301.79126
301.79488
301.79107
301.79571
301.79042
301.79584
301.78921
301.79477
301.78719
301.79187
301.78378
301.7865
301.77823
301.79747
301.79802
301.79747
301.79691
301.79611
301.79522
301.7943
301.79335
301.79247
301.79159
301.79079
301.79001
301.78932
301.78866
301.78808
301.78753
301.78707
301.78662
301.78628
301.78595
301.78573
301.78551
301.78544
301.78534
301.78541
301.78541
301.78566
301.7857
301.78613
301.78611
301.78676
301.78653
301.78747
301.7868
301.78818
301.78679
301.78881
301.78639
301.78925
301.78553
301.7893
301.78415
301.78866
301.78216
301.78687
301.77933
301.78335
301.77517
301.77752
301.76906
301.7972
301.79775
301.79703
301.79621
301.79525
301.79413
301.79311
301.792
301.79105
301.79005
301.78921
301.78834
301.78763
301.78689
301.78629
301.78567
301.78519
301.78469
301.78432
301.78393
301.78368
301.78341
301.78329
301.78312
301.78313
301.78305
301.78319
301.78314
301.78342
301.78329
301.78372
301.78338
301.78401
301.78325
301.78422
301.78277
301.78425
301.78184
301.78402
301.7804
301.78338
301.77839
301.78205
301.77573
301.77963
301.77222
301.7756
301.76743
301.76942
301.76089
301.79689
301.79744
301.79645
301.79534
301.79419
301.79284
301.79171
301.79044
301.78944
301.78833
301.78747
301.78652
301.78579
301.78499
301.78439
301.78371
301.78322
301.78267
301.78229
301.78185
301.78159
301.78126
301.78111
301.78088
301.78084
301.78069
301.78075
301.78062
301.78077
301.78054
301.78078
301.78034
301.78071
301.77985
301.78045
301.77897
301.77996
301.77758
301.77915
301.77564
301.7779
301.7731
301.77598
301.76988
301.77303
301.76581
301.76858
301.76052
301.76217
301.75368
301.79653
301.79705
301.79571
301.79426
301.79289
301.79132
301.79008
301.78868
301.78763
301.78643
301.78555
301.78454
301.78381
301.78296
301.78235
301.78164
301.78115
301.78057
301.78018
301.77971
301.77943
301.77907
301.77889
301.77862
301.77854
301.77834
301.77833
301.77812
301.77816
301.77785
301.77792
301.77739
301.77752
301.7766
301.77687
301.77536
301.77592
301.77359
301.77461
301.77123
301.77284
301.76825
301.77042
301.76459
301.76704
301.76006
301.76226
301.75441
301.75574
301.74741
301.79613
301.79656
301.79474
301.79293
301.79133
301.78955
301.78822
301.7867
301.78561
301.78435
301.78346
301.78241
301.78168
301.7808
301.7802
301.77947
301.77898
301.77838
301.77799
301.7775
301.77721
301.77683
301.77663
301.77634
301.77622
301.77597
301.7759
301.77564
301.77557
301.7752
301.77512
301.77452
301.77444
301.77346
301.77346
301.77192
301.77211
301.76983
301.77038
301.76714
301.76818
301.76383
301.76535
301.75981
301.76163
301.75496
301.75664
301.74908
301.7501
301.74203
301.79567
301.7959
301.7935
301.79131
301.78948
301.78751
301.7861
301.7845
301.78339
301.78209
301.78121
301.78013
301.77942
301.77853
301.77794
301.7772
301.77672
301.77611
301.77573
301.77523
301.77494
301.77454
301.77434
301.77402
301.77387
301.77359
301.77347
301.77316
301.77301
301.77258
301.77238
301.77171
301.77146
301.77044
301.77019
301.76866
301.76853
301.76631
301.76645
301.76337
301.76391
301.75981
301.76077
301.75555
301.75681
301.75049
301.7517
301.7445
301.74525
301.73753
301.79512
301.79501
301.79194
301.78936
301.78733
301.7852
301.78374
301.78208
301.78098
301.77966
301.77879
301.77771
301.77702
301.77613
301.77556
301.77483
301.77437
301.77376
301.77339
301.77289
301.77261
301.77221
301.772
301.77167
301.7715
301.7712
301.77103
301.77068
301.77047
301.76998
301.76968
301.76897
301.76857
301.76752
301.76707
301.76555
301.76516
301.76302
301.76282
301.75991
301.76003
301.75618
301.75667
301.75179
301.75255
301.74664
301.74743
301.74064
301.74115
301.73386
301.79447
301.79382
301.79
301.78706
301.78486
301.78263
301.78114
301.77946
301.77837
301.77706
301.77622
301.77516
301.7745
301.77363
301.77309
301.77237
301.77193
301.77133
301.77098
301.7705
301.77022
301.76983
301.76962
301.76929
301.7691
301.76878
301.76858
301.76821
301.76793
301.76742
301.76703
301.76628
301.76577
301.7647
301.76411
301.76261
301.76201
301.75996
301.75949
301.75675
301.75653
301.75295
301.75304
301.74852
301.74887
301.74338
301.74381
301.7375
301.7378
301.731
301.79369
301.79224
301.78765
301.7844
301.78207
301.77979
301.77831
301.77665
301.7756
301.77431
301.77352
301.77249
301.77186
301.77103
301.77052
301.76983
301.76942
301.76885
301.76852
301.76805
301.76779
301.76741
301.7672
301.76687
301.76668
301.76635
301.76613
301.76573
301.76542
301.76488
301.76443
301.76366
301.76307
301.762
301.76129
301.75983
301.75908
301.75714
301.75646
301.75391
301.75342
301.75012
301.74989
301.74573
301.74574
301.7407
301.74085
301.73505
301.73517
301.72891
301.79274
301.79017
301.78485
301.78137
301.77898
301.77671
301.77527
301.77366
301.77266
301.77144
301.77069
301.76972
301.76913
301.76834
301.76787
301.76722
301.76684
301.7663
301.766
301.76556
301.76531
301.76495
301.76475
301.76443
301.76424
301.76391
301.76367
301.76326
301.76292
301.76237
301.76188
301.76111
301.76046
301.75941
301.75863
301.75723
301.75638
301.75455
301.75373
301.75137
301.75068
301.74767
301.7472
301.74342
301.74317
301.7386
301.73851
301.73325
301.73323
301.72756
301.79156
301.78754
301.78158
301.77799
301.77562
301.77341
301.77205
301.77052
301.76959
301.76844
301.76776
301.76685
301.76632
301.76558
301.76516
301.76455
301.76421
301.76371
301.76343
301.76302
301.7628
301.76246
301.76227
301.76197
301.76178
301.76146
301.76121
301.7608
301.76044
301.7599
301.75938
301.75863
301.75796
301.75695
301.75612
301.7548
301.7539
301.7522
301.75129
301.74914
301.74833
301.74561
301.74496
301.74158
301.74113
301.73705
301.73678
301.73208
301.73196
301.72689
301.79007
301.78427
301.77786
301.77428
301.772
301.76992
301.76866
301.76725
301.76641
301.76535
301.76474
301.76391
301.76343
301.76276
301.76238
301.76183
301.76153
301.76107
301.76083
301.76045
301.76026
301.75995
301.75977
301.75949
301.7593
301.759
301.75875
301.75836
301.758
301.75747
301.75695
301.75623
301.75556
301.7546
301.75378
301.75256
301.75164
301.7501
301.74916
301.74722
301.74634
301.74392
301.74318
301.74019
301.73961
301.73602
301.73563
301.73151
301.73132
301.72687
301.78818
301.78031
301.77371
301.77028
301.76817
301.76627
301.76514
301.76387
301.76312
301.76218
301.76164
301.7609
301.76049
301.75989
301.75956
301.75907
301.75881
301.7584
301.75819
301.75786
301.75769
301.75741
301.75725
301.75699
301.75682
301.75653
301.7563
301.75593
301.75558
301.75508
301.75459
301.75392
301.75327
301.75239
301.7516
301.75049
301.74961
301.74823
301.74731
301.7456
301.74471
301.7426
301.74182
301.73923
301.73859
301.73549
301.73504
301.73149
301.73125
301.72743
301.78575
301.77565
301.76919
301.76604
301.76416
301.7625
301.76151
301.7604
301.75977
301.75895
301.75849
301.75785
301.7575
301.75698
301.7567
301.75628
301.75606
301.75571
301.75553
301.75524
301.7551
301.75485
301.75472
301.75449
301.75433
301.75408
301.75385
301.75352
301.7532
301.75275
301.75229
301.75169
301.75109
301.75031
301.74958
301.74861
301.74779
301.74659
301.74573
301.74426
301.74342
301.74163
301.74086
301.73867
301.73803
301.73542
301.73495
301.73197
301.73172
301.72852
301.78257
301.77032
301.76435
301.76162
301.76003
301.75862
301.75781
301.75688
301.75635
301.75567
301.7553
301.75476
301.75448
301.75405
301.75382
301.75347
301.75329
301.753
301.75285
301.75261
301.75249
301.75229
301.75218
301.75198
301.75185
301.75162
301.75143
301.75114
301.75085
301.75046
301.75006
301.74954
301.74902
301.74835
301.74772
301.74689
301.74617
301.74517
301.74441
301.7432
301.74244
301.74096
301.74026
301.73848
301.73788
301.73576
301.73531
301.7329
301.73266
301.73006
301.77832
301.76437
301.75927
301.75707
301.7558
301.75469
301.75404
301.75331
301.7529
301.75237
301.75207
301.75165
301.75143
301.75109
301.75092
301.75064
301.7505
301.75027
301.75016
301.74997
301.74988
301.74972
301.74963
301.74947
301.74936
301.74918
301.74902
301.74878
301.74855
301.74823
301.7479
301.74748
301.74705
301.74651
301.74599
301.74533
301.74474
301.74395
301.74332
301.74236
301.74174
301.74058
301.73999
301.7386
301.73809
301.73645
301.73607
301.73421
301.734
301.732
301.77245
301.75793
301.75404
301.75243
301.75151
301.75071
301.75025
301.74972
301.74943
301.74904
301.74883
301.74853
301.74837
301.74813
301.748
301.7478
301.7477
301.74754
301.74746
301.74733
301.74726
301.74714
301.74708
301.74696
301.74688
301.74675
301.74663
301.74645
301.74627
301.74604
301.74579
301.74548
301.74516
301.74477
301.74438
301.7439
301.74346
301.74289
301.74242
301.74173
301.74126
301.74043
301.73999
301.739
301.73861
301.73744
301.73714
301.73583
301.73566
301.73425
301.76403
301.75115
301.74872
301.74775
301.74719
301.74671
301.74643
301.74611
301.74594
301.74571
301.74558
301.7454
301.7453
301.74516
301.74508
301.74496
301.7449
301.7448
301.74476
301.74468
301.74463
301.74456
301.74452
301.74446
301.7444
301.74432
301.74425
301.74414
301.74403
301.74389
301.74373
301.74354
301.74335
301.74311
301.74287
301.74257
301.74231
301.74196
301.74167
301.74125
301.74096
301.74046
301.74018
301.73959
301.73935
301.73865
301.73846
301.73768
301.73757
301.73673
301.75122
301.74419
301.74337
301.74305
301.74286
301.7427
301.74261
301.7425
301.74245
301.74237
301.74233
301.74226
301.74223
301.74218
301.74216
301.74212
301.7421
301.74207
301.74205
301.74202
301.74201
301.74199
301.74197
301.74195
301.74193
301.74191
301.74188
301.74184
301.74181
301.74176
301.74171
301.74164
301.74158
301.74149
301.74141
301.74132
301.74122
301.74111
301.74101
301.74087
301.74077
301.74061
301.74051
301.74031
301.74023
301.74
301.73994
301.73967
301.73964
301.73936
)
;

boundaryField
{
    inlet
    {
        type            fixedValue;
        value           uniform 301.8;
    }
    outlet
    {
        type            zeroGradient;
    }
    wall_membrane
    {
        type            groovyBC;
        refValue        nonuniform List<scalar> 
50
(
311.60535
311.63296
311.66056
311.68817
311.71578
311.74339
311.771
311.79861
311.82622
311.85383
311.88144
311.90904
311.93665
311.96426
311.99187
312.01948
312.04709
312.0747
312.10231
312.12992
312.15753
312.18513
312.21274
312.24035
312.26796
312.29557
312.32318
312.35079
312.3784
312.40601
312.43361
312.46122
312.48883
312.51644
312.54405
312.57166
312.59927
312.62688
312.65449
312.6821
312.7097
312.73731
312.76492
312.79253
312.82014
312.84775
312.87536
312.90297
312.93058
312.95818
)
;
        refGradient     uniform 0;
        valueFraction   uniform 1;
        source          uniform 0;
        value           nonuniform List<scalar> 
50
(
311.60535
311.63296
311.66056
311.68817
311.71578
311.74339
311.771
311.79861
311.82622
311.85383
311.88144
311.90904
311.93665
311.96426
311.99187
312.01948
312.04709
312.0747
312.10231
312.12992
312.15753
312.18513
312.21274
312.24035
312.26796
312.29557
312.32318
312.35079
312.3784
312.40601
312.43361
312.46122
312.48883
312.51644
312.54405
312.57166
312.59927
312.62688
312.65449
312.6821
312.7097
312.73731
312.76492
312.79253
312.82014
312.84775
312.87536
312.90297
312.93058
312.95818
)
;
        valueExpression "Tm";
        gradientExpression "0";
        fractionExpression "1";
        evaluateDuringConstruction 0;
        cyclicSlave     0;
        variables       
12
(
"T_a=301.8;"
"L=0.15;"
"Tp_in=336.6;"
"Tp_out=332.3;"
"T_p=Tp_out-(Tp_out-Tp_in)/L*pos().x;"
"delta_mem=0.0001;"
"lambda_mem=0.053;"
"lambda_alim=0.62;"
"delta_alim=0.001;"
"h_agua=656;"
"h_ef=(lambda_alim/delta_alim)*(1/h_agua+delta_mem/lambda_mem);"
"Tm=((Tp_out-(Tp_out-Tp_in)/L*pos().x)+h_ef*T_a)/(1+h_ef);"
)
;
        timelines       (
);
        lookuptables    (
);
        lookuptables2D  (
);
    }
    wall_up
    {
        type            groovyBC;
        refValue        uniform 301.7407;
        refGradient     uniform 0;
        valueFraction   uniform 1;
        source          uniform 0;
        value           uniform 301.7407;
        valueExpression "T_m";
        gradientExpression "0";
        fractionExpression "1";
        evaluateDuringConstruction 0;
        cyclicSlave     0;
        variables       
10
(
"T_a=301.8;"
"Text=298;"
"L=0.15;"
"delta_ext=0.0261;"
"lambda_ext=15;"
"lambda_alim=0.62;"
"delta_alim=0.001;"
"h_ext=10;"
"h_ef=lambda_alim/delta_alim*(1/h_ext+delta_ext/lambda_ext);"
"T_m=(Text+h_ef*T_a)/(1+h_ef);"
)
;
        timelines       (
);
        lookuptables    (
);
        lookuptables2D  (
);
    }
    sides
    {
        type            empty;
    }
}


// ************************************************************************* //
