/*--------------------------------*- C++ -*----------------------------------*\
| =========                 |                                                 |
| \\      /  F ield         | OpenFOAM: The Open Source CFD Toolbox           |
|  \\    /   O peration     | Version:  2312                                  |
|   \\  /    A nd           | Website:  www.openfoam.com                      |
|    \\/     M anipulation  |                                                 |
\*---------------------------------------------------------------------------*/
FoamFile
{
    version     2.0;
    format      ascii;
    arch        "LSB;label=32;scalar=64";
    class       volScalarField;
    location    "1";
    object      T;
}
// * * * * * * * * * * * * * * * * * * * * * * * * * * * * * * * * * * * * * //

dimensions      [0 0 0 1 0 0 0];

internalField   nonuniform List<scalar> 
4000
(
325.20509
324.05606
323.83314
323.76034
323.69037
323.63227
323.58342
323.53455
323.49298
323.44779
323.40983
323.36724
323.33146
323.29107
323.25698
323.21845
323.18566
323.1486
323.11667
323.08067
323.04923
323.01393
322.98267
322.94782
322.91657
322.88202
322.85069
322.81636
322.78491
322.75077
322.71923
322.68526
322.65364
322.61982
322.58816
322.55446
322.52277
322.48916
322.45747
322.42392
322.39223
322.3587
322.32704
322.29349
322.26189
322.22827
322.19679
322.163
322.13185
322.09712
327.13857
325.27983
324.68712
324.53514
324.39252
324.28524
324.20561
324.12602
324.0682
323.99962
323.95263
323.89182
323.8513
323.79704
323.76157
323.71288
323.68129
323.63701
323.60805
323.56695
323.53947
323.5005
323.47361
323.43601
323.40915
323.37245
323.34534
323.30931
323.28188
323.2464
323.21868
323.1837
323.15577
323.12124
323.09317
323.05901
323.03086
322.99697
322.9688
322.93508
322.90695
322.87328
322.84524
322.81152
322.78365
322.74973
322.7222
322.68778
322.66125
322.62413
328.33202
326.45644
325.53382
325.30482
325.09137
324.93561
324.82554
324.71566
324.64157
324.54988
324.49373
324.41481
324.3693
324.30117
324.26397
324.20506
324.1743
324.12272
324.09639
324.05017
324.02638
323.98376
323.96102
323.92073
323.89809
323.85932
323.83631
323.79864
323.77512
323.73836
323.71436
323.67843
323.65408
323.61888
323.5943
323.55971
323.53501
323.50087
323.47616
323.44229
323.41764
323.38386
323.35938
323.32551
323.30131
323.26713
323.24349
323.20848
323.18646
323.1474
329.12297
327.54666
326.36093
326.06217
325.78212
325.57988
325.44033
325.30112
325.21098
325.09676
325.03138
324.93468
324.88386
324.80196
324.76253
324.69335
324.66287
324.60394
324.57971
324.52835
324.50781
324.46159
324.44266
324.39978
324.38111
324.34039
324.32127
324.2821
324.26228
324.22437
324.20391
324.16712
324.14616
324.11037
324.08912
324.05416
324.03277
323.99843
323.97703
323.94307
323.92178
323.88795
323.8669
323.83295
323.81231
323.77793
323.75805
323.72255
323.70485
323.66444
329.67056
328.51401
327.15258
326.79742
326.45821
326.21322
326.04615
325.87926
325.77364
325.63792
325.56337
325.44951
325.39307
325.29767
325.25545
325.17607
325.14519
325.07888
325.05611
324.9996
324.98174
324.93199
324.91643
324.87109
324.85603
324.81355
324.79801
324.75753
324.74116
324.70226
324.68508
324.64756
324.62978
324.59349
324.57536
324.5401
324.52182
324.48734
324.46909
324.43509
324.41701
324.38319
324.36543
324.33147
324.31423
324.27975
324.26346
324.22761
324.21391
324.17284
330.06294
329.33813
327.89231
327.49913
327.11176
326.8298
326.63832
326.44625
326.32619
326.17049
326.08708
325.95701
325.89478
325.78638
325.74084
325.65146
325.61944
325.54582
325.52374
325.46213
325.44628
325.39311
325.38036
325.33274
325.32085
325.27682
325.26451
325.22293
325.2097
325.16999
325.15582
325.11773
325.10285
325.06618
325.0509
325.01545
325.00003
324.96551
324.95017
324.91622
324.90113
324.86742
324.85273
324.81888
324.80482
324.77038
324.75743
324.72146
324.71134
324.6703
330.34987
330.0075
328.56516
328.15538
327.73425
327.4231
327.21156
326.99767
326.86481
326.69121
326.59957
326.45463
326.38661
326.26601
326.21671
326.11768
326.08384
326.00305
325.98087
325.91426
325.89969
325.84321
325.83265
325.78294
325.77372
325.72838
325.7189
325.67647
325.66602
325.62574
325.61424
325.57575
325.56346
325.52657
325.51384
325.4783
325.46547
325.43099
325.4183
325.3845
325.37216
325.33865
325.3268
325.29318
325.28206
325.24781
325.23791
325.20207
325.19504
325.1547
330.56387
330.52543
329.16026
328.75514
328.31726
327.98638
327.76026
327.52881
327.3854
327.19651
327.09761
326.93956
326.86601
326.73429
326.68095
326.57288
326.53659
326.44891
326.42587
326.35441
326.34035
326.28072
326.27169
326.22009
326.213
326.16659
326.1595
326.11647
326.10844
326.06781
326.05865
326.01997
326.00994
325.97296
325.96247
325.92696
325.9164
325.88206
325.87174
325.83819
325.8283
325.79512
325.78584
325.75258
325.74411
325.71024
325.70306
325.66764
325.66318
325.62409
330.72656
330.90428
329.67144
329.28964
328.85334
328.51317
328.27887
328.03484
327.8837
327.68266
327.57785
327.40885
327.33029
327.18887
327.13143
327.01516
326.97593
326.88181
326.85719
326.78111
326.76682
326.70423
326.69603
326.64275
326.63723
326.58999
326.58483
326.54147
326.53546
326.49474
326.48758
326.4489
326.4408
326.40388
326.3953
326.35994
326.35134
326.31724
326.30896
326.27575
326.26803
326.23528
326.22826
326.19551
326.18938
326.15609
326.15125
326.11656
326.11414
326.07676
330.85299
331.1643
330.09817
329.75352
329.33668
328.99783
328.76224
328.51116
328.35559
328.14599
328.03694
327.85949
327.77675
327.62735
327.56598
327.44259
327.40012
327.30016
327.27339
327.19303
327.17779
327.11245
327.10443
327.04967
327.04514
326.99732
326.99361
326.95018
326.94582
326.90525
326.89973
326.86127
326.85476
326.81808
326.81107
326.77597
326.76899
326.73522
326.72868
326.6959
326.69002
326.65782
326.65274
326.62065
326.61651
326.584
326.58112
326.54745
326.54657
326.51123
330.95406
331.32932
330.44426
330.14545
329.76358
329.43597
329.20601
328.95366
328.79729
328.583
328.47167
328.28857
328.20273
328.04734
327.98248
327.85327
327.80749
327.70248
327.6731
327.5889
327.57212
327.50428
327.49581
327.43977
327.43567
327.38748
327.38479
327.34152
327.33843
327.29825
327.29405
327.25601
327.25078
327.21448
327.20873
327.17401
327.16832
327.13498
327.12982
327.09757
327.09319
327.06165
327.05817
327.02688
327.02439
326.99286
326.99153
326.95917
326.95938
326.92629
331.03712
331.42384
330.71759
330.46796
330.13262
329.8248
329.60693
329.35902
329.20555
328.99062
328.87913
328.69336
328.60574
328.44656
328.37888
328.24539
328.19642
328.08733
328.05509
327.96759
327.94878
327.87876
327.86926
327.81217
327.80798
327.75962
327.75749
327.71461
327.71243
327.67287
327.66968
327.63226
327.62802
327.59226
327.58747
327.55322
327.54851
327.51567
327.51157
327.47992
327.47672
327.44592
327.44371
327.41334
327.41215
327.38177
327.38162
327.3508
327.35171
327.32097
331.10767
331.4707
330.92824
330.7267
330.44463
330.16329
329.96307
329.72488
329.57791
329.36632
329.25689
329.0715
328.98355
328.82291
328.75331
328.61721
328.56543
328.45336
328.41822
328.32809
328.30689
328.23506
328.22407
328.16615
328.16138
328.11305
328.11107
328.06877
328.06718
328.02843
328.02598
327.98936
327.98585
327.95078
327.94667
327.91301
327.90897
327.87671
327.87333
327.84235
327.83998
327.81001
327.80873
327.7794
327.77915
327.75007
327.75074
327.72163
327.72294
327.69458
331.16899
331.48874
331.08744
330.92944
330.70258
330.45225
330.27396
330.05005
329.91282
329.70832
329.6031
329.42107
329.33433
329.1746
329.10411
328.96721
328.91319
328.79939
328.76147
328.66948
328.64572
328.57252
328.55967
328.50115
328.4954
328.44727
328.44506
328.40352
328.4022
328.36445
328.36249
328.32686
328.32385
328.28962
328.28593
328.25296
328.24931
328.21769
328.21474
328.18447
328.18261
328.15352
328.15284
328.12463
328.125
328.09733
328.0985
328.07122
328.07268
328.04665
331.22366
331.49249
331.20604
331.08508
330.91126
330.69416
330.54058
330.33451
330.2097
330.01561
329.91658
329.74071
329.65671
329.5002
329.42996
329.29408
329.23856
329.12435
329.084
328.991
328.96468
328.89059
328.87565
328.8168
328.80973
328.76195
328.75921
328.71856
328.71725
328.68066
328.67898
328.64449
328.64178
328.60852
328.60504
328.57286
328.56934
328.53842
328.5356
328.50609
328.50443
328.47627
328.47586
328.44884
328.44951
328.42334
328.42472
328.39933
328.40076
328.37695
331.27295
331.49152
331.29395
331.20273
331.07669
330.89289
330.76523
330.57944
330.469
330.28808
330.19691
330.02967
329.94983
329.79871
329.72989
329.59684
329.54067
329.42742
329.38512
329.29205
329.26331
329.18888
329.17175
329.11287
329.10424
329.05696
329.05341
329.01377
329.01224
328.97694
328.97535
328.94215
328.93959
328.90742
328.90399
328.87267
328.86908
328.83891
328.83597
328.80723
328.80548
328.77827
328.77785
328.75203
328.75272
328.72808
328.72943
328.70591
328.70719
328.68546
331.31794
331.49166
331.35952
331.29097
331.20555
331.05333
330.95127
330.78704
330.69215
330.52644
330.44442
330.28788
330.21345
330.06964
330.00336
329.87481
329.81891
329.70798
329.66435
329.57217
329.54132
329.46715
329.44786
329.38925
329.37893
329.33231
329.32774
329.2892
329.28727
329.25335
329.25172
329.21993
329.21739
329.18643
329.1829
329.15255
329.1487
329.11931
329.11602
329.08807
329.08598
329.05971
329.059
329.03438
329.03486
329.01172
329.01285
328.99114
328.99218
328.97238
331.35908
331.49546
331.40944
331.35734
331.30459
331.18089
331.10284
330.96037
330.88135
330.73218
330.66016
330.5159
330.44787
330.31297
330.25026
330.12773
330.07301
329.96569
329.92144
329.83112
329.79858
329.72531
329.704
329.64602
329.63396
329.58815
329.58242
329.54507
329.54258
329.51013
329.50833
329.47804
329.47544
329.44581
329.44208
329.41277
329.40852
329.37996
329.37612
329.34895
329.34629
329.32093
329.31972
329.29626
329.2963
329.27462
329.27537
329.25537
329.25611
329.23805
331.39685
331.50362
331.44872
331.40805
331.38015
331.28113
331.22454
331.10305
331.03952
330.90745
330.84581
330.71489
330.65397
330.52923
330.47094
330.35571
330.30304
330.20049
330.15637
330.06885
330.03514
329.96341
329.94036
329.88336
329.86961
329.82478
329.81782
329.78172
329.77856
329.74762
329.74558
329.71688
329.71415
329.68593
329.68194
329.65375
329.649
329.6213
329.61677
329.59037
329.58695
329.56245
329.56052
329.53816
329.53759
329.51727
329.51752
329.4991
329.49951
329.48301
331.4315
331.51553
331.48097
331.44791
331.43785
331.35936
331.32107
331.21908
331.16997
331.05489
331.00357
330.88653
330.83312
330.71939
330.66619
330.55926
330.50942
330.41265
330.36938
330.28553
330.25123
330.18167
330.15722
330.10159
330.08629
330.04262
330.03441
329.99962
329.99573
329.96634
329.96398
329.93693
329.93404
329.90731
329.90304
329.87603
329.87071
329.8439
329.83857
329.81291
329.80858
329.78488
329.78208
329.76071
329.75939
329.74031
329.73998
329.72297
329.72303
329.7079
331.46328
331.53015
331.50857
331.48046
331.48238
331.42037
331.39698
331.31249
331.27627
331.17749
331.13604
331.03292
330.98711
330.88485
330.83716
330.73925
330.69287
330.60269
330.56098
330.48156
330.44725
330.38046
330.35504
330.30116
330.28452
330.24218
330.23279
330.19935
330.19471
330.16688
330.16418
330.1388
330.13574
330.11058
330.10601
330.08025
330.07434
330.04844
330.04223
330.01729
330.01193
329.98896
329.98515
329.96467
329.96249
329.94451
329.94353
329.92775
329.92745
329.91351
331.49243
331.54637
331.533
331.50814
331.51746
331.46831
331.45645
331.38718
331.36203
331.2784
331.24602
331.15643
331.11803
331.02733
330.98538
330.89688
330.85445
330.77146
330.73189
330.65753
330.62381
330.56034
330.5344
330.48263
330.46493
330.42411
330.41363
330.38161
330.37621
330.34995
330.34689
330.3232
330.31998
330.29642
330.29159
330.26713
330.26063
330.23567
330.22854
330.20428
330.19782
330.17549
330.17059
330.15086
330.14773
330.13069
330.12902
330.1143
330.11362
330.1007
331.51916
331.56325
331.55515
331.53254
331.5459
331.50653
331.50311
331.44674
331.43069
331.36076
331.33643
331.25962
331.22821
331.14881
331.11259
331.03363
330.99544
330.92001
330.88309
330.81427
330.78168
330.72198
330.69598
330.64667
330.62822
330.5891
330.57771
330.54715
330.54104
330.51633
330.51292
330.49092
330.48756
330.46564
330.46057
330.43745
330.4304
330.40639
330.39834
330.37473
330.36713
330.34534
330.33928
330.32018
330.31605
330.29978
330.29739
330.28354
330.28249
330.27041
331.54371
331.58011
331.57551
331.55464
331.56971
331.53766
331.54003
331.49433
331.48542
331.42756
331.41012
331.34509
331.32005
331.25143
331.22074
331.15117
331.11737
331.04964
331.01572
330.95278
330.92178
330.86623
330.84062
330.79407
330.77521
330.73797
330.72583
330.69679
330.69005
330.66688
330.66313
330.6428
330.63933
330.61905
330.61381
330.59206
330.58451
330.56146
330.55252
330.52953
330.52077
330.49944
330.49219
330.47357
330.46842
330.45276
330.44963
330.43648
330.43505
330.42365
331.56626
331.59649
331.59433
331.57499
331.59026
331.56368
331.56966
331.53261
331.52905
331.48158
331.46982
331.41538
331.39596
331.33737
331.31186
331.25131
331.22188
331.16179
331.13111
331.0742
331.04518
330.99403
330.96922
330.9257
330.90675
330.87156
330.8589
330.83143
330.82414
330.80248
330.79844
330.77975
330.7762
330.75756
330.7522
330.73184
330.72386
330.70178
330.692
330.66958
330.6597
330.63873
330.63029
330.61202
330.60583
330.59061
330.58674
330.57412
330.57231
330.56143
331.58701
331.61216
331.61175
331.59388
331.60844
331.58598
331.59392
331.56377
331.56398
331.52525
331.518
331.47287
331.45828
331.40881
331.38801
331.33593
331.31071
331.25802
331.23069
331.17982
331.15305
331.10646
331.0828
331.04249
331.02379
330.99079
330.97782
330.95197
330.94425
330.92407
330.91979
330.90268
330.8991
330.88207
330.87666
330.85769
330.84937
330.82825
330.8177
330.79583
330.78486
330.76418
330.75455
330.73652
330.72928
330.71437
330.70975
330.69752
330.69532
330.68483
331.60612
331.62698
331.62785
331.61146
331.62482
331.60554
331.61422
331.58951
331.59217
331.56069
331.55685
331.51976
331.50916
331.46783
331.4512
331.4069
331.38561
331.33994
331.31594
331.27097
331.24664
331.20466
331.18244
331.14547
331.12731
331.0966
331.08356
331.05936
331.05134
331.03261
331.02814
331.01255
331.00897
330.99352
330.98813
330.97053
330.96195
330.94179
330.93056
330.9092
330.8972
330.87673
330.86596
330.84805
330.83979
330.82504
330.81968
330.80769
330.80512
330.79489
331.62376
331.64093
331.6427
331.62781
331.63974
331.62298
331.63159
331.61116
331.61521
331.58965
331.58825
331.55797
331.55056
331.51636
331.50332
331.46602
331.44833
331.40917
331.38839
331.34906
331.32726
331.28982
331.26926
331.23567
331.21831
331.18998
331.17707
331.15456
331.14636
331.12906
331.12445
331.11031
331.10679
331.09284
331.08753
331.07129
331.06253
331.04332
331.0315
331.01061
330.99766
330.97734
330.96548
330.94758
330.93833
330.92363
330.91755
330.90569
330.90274
330.89265
331.64006
331.654
331.65638
331.64295
331.6534
331.63872
331.64674
331.62968
331.63434
331.61353
331.61378
331.58916
331.58423
331.55614
331.5461
331.51502
331.50052
331.46728
331.44952
331.4155
331.39621
331.36317
331.3444
331.31419
331.29783
331.27191
331.25933
331.23852
331.23028
331.21436
331.20968
331.19693
331.19349
331.18099
331.1758
331.16086
331.15201
331.13372
331.1214
331.10097
331.08715
331.06693
331.05403
331.03608
331.02587
331.01112
331.00434
330.9925
330.98919
330.97914
331.65512
331.66623
331.66896
331.65693
331.66592
331.65301
331.66016
331.64576
331.65048
331.63346
331.63471
331.61473
331.61165
331.58872
331.58113
331.55544
331.54371
331.51578
331.50078
331.47164
331.45479
331.42593
331.40901
331.38211
331.3669
331.3434
331.33131
331.31221
331.30404
331.28945
331.28477
331.27332
331.27
331.25886
331.25385
331.24016
331.23128
331.21387
331.20115
331.18114
331.16654
331.14637
331.13252
331.11445
331.10333
331.08846
331.081
331.06909
331.06543
331.05535
331.66904
331.67764
331.6805
331.66978
331.67739
331.66601
331.67215
331.65989
331.6643
331.65029
331.65204
331.63583
331.63405
331.61543
331.60978
331.5887
331.57931
331.55605
331.54353
331.5188
331.50425
331.47928
331.46422
331.44049
331.42653
331.40541
331.39396
331.37653
331.36856
331.35526
331.35063
331.3404
331.33723
331.32736
331.32255
331.31003
331.30119
331.28463
331.27158
331.25197
331.23668
331.21653
331.2018
331.18355
331.17159
331.15653
331.14844
331.1364
331.1324
331.12222
331.6819
331.68826
331.69107
331.68153
331.68786
331.67781
331.68294
331.67241
331.6763
331.66467
331.66656
331.65338
331.65245
331.63737
331.63321
331.61602
331.60858
331.58935
331.57901
331.55821
331.54577
331.52437
331.51112
331.49037
331.47773
331.4589
331.44818
331.43241
331.42472
331.41266
331.40814
331.39904
331.39603
331.38734
331.38275
331.37133
331.36257
331.3468
331.33349
331.31424
331.29836
331.2782
331.26267
331.24423
331.23149
331.21619
331.2075
331.19529
331.19097
331.18064
331.69376
331.6981
331.70071
331.69221
331.69737
331.68849
331.69264
331.68354
331.6868
331.67706
331.67885
331.66808
331.66769
331.65548
331.65243
331.63846
331.63261
331.61682
331.60834
331.59099
331.58046
331.56226
331.55072
331.53275
331.52142
331.50478
331.49487
331.48069
331.47336
331.46248
331.45812
331.45008
331.44725
331.43962
331.43526
331.42484
331.41619
331.40114
331.38765
331.36873
331.35232
331.33215
331.3159
331.29725
331.28379
331.26825
331.25901
331.24659
331.24197
331.23148
331.70467
331.70715
331.70944
331.70185
331.70594
331.69809
331.70135
331.69343
331.69605
331.68782
331.68937
331.68051
331.68039
331.67049
331.66824
331.65693
331.65233
331.63944
331.63252
331.61814
331.60929
331.59395
331.584
331.56855
331.55851
331.54392
331.53486
331.5222
331.51529
331.50553
331.50137
331.49428
331.49164
331.48497
331.48084
331.47131
331.46278
331.44839
331.43475
331.41613
331.39928
331.37907
331.36219
331.34333
331.32923
331.31344
331.3037
331.29106
331.28618
331.2755
331.71464
331.7154
331.71728
331.71045
331.71359
331.70664
331.70911
331.7022
331.7042
331.6972
331.69842
331.69108
331.69106
331.683
331.6813
331.67215
331.66852
331.65804
331.65242
331.64057
331.63318
331.62033
331.61181
331.59865
331.58982
331.57713
331.56893
331.55769
331.55126
331.54254
331.53861
331.53239
331.52994
331.52411
331.52019
331.51144
331.50303
331.48921
331.47546
331.4571
331.43987
331.41964
331.40221
331.38315
331.36849
331.35245
331.34228
331.32943
331.32431
331.31345
331.72362
331.7228
331.72421
331.71804
331.72035
331.71418
331.71598
331.70993
331.71137
331.70537
331.70625
331.70011
331.70008
331.69348
331.69216
331.68473
331.68185
331.67333
331.66877
331.65905
331.65291
331.64221
331.63496
331.62381
331.61613
331.60516
331.5978
331.58789
331.58195
331.5742
331.57052
331.56508
331.56281
331.55771
331.55397
331.54589
331.53757
331.52424
331.5104
331.49226
331.47471
331.45445
331.43655
331.41732
331.40217
331.38593
331.37537
331.36235
331.35702
331.346
331.7315
331.72929
331.73022
331.72462
331.72622
331.72075
331.72198
331.71668
331.71764
331.71246
331.71302
331.70785
331.70774
331.7023
331.70121
331.69516
331.69284
331.68592
331.6822
331.67425
331.66915
331.66028
331.65415
331.64476
331.63811
331.62869
331.62213
331.61344
331.60799
331.60114
331.59772
331.59298
331.59087
331.58638
331.58277
331.57524
331.56699
331.55406
331.54012
331.52216
331.50434
331.48406
331.46578
331.4464
331.43086
331.41445
331.40358
331.3904
331.38491
331.37375
331.73813
331.73478
331.73528
331.7302
331.73123
331.72638
331.72717
331.72251
331.72308
331.7186
331.71887
331.71447
331.71426
331.70973
331.70878
331.70383
331.70192
331.69629
331.69324
331.68673
331.68249
331.67515
331.66998
331.6621
331.65638
331.64832
331.64251
331.63493
331.62997
331.62393
331.62076
331.61663
331.61465
331.61067
331.60714
331.60003
331.59181
331.57918
331.56515
331.54732
331.52928
331.50898
331.4904
331.47092
331.45507
331.43854
331.42742
331.41415
331.40853
331.39728
331.74329
331.73922
331.7394
331.73482
331.73542
331.73113
331.73157
331.72749
331.72775
331.72385
331.72388
331.72012
331.7198
331.716
331.71513
331.71104
331.70943
331.70482
331.70229
331.69695
331.69342
331.68734
331.68298
331.67639
331.67148
331.66461
331.65949
331.65288
331.64839
331.64308
331.64016
331.63654
331.63467
331.63107
331.62757
331.62076
331.6125
331.60007
331.58593
331.56821
331.54998
331.52969
331.51087
331.49135
331.47527
331.45868
331.4474
331.43408
331.42836
331.41709
331.74689
331.7426
331.7426
331.73853
331.73882
331.73504
331.73523
331.73166
331.73169
331.7283
331.72815
331.72491
331.7245
331.72127
331.72045
331.71704
331.71564
331.71184
331.70971
331.70531
331.70234
331.6973
331.69361
331.68809
331.68388
331.67803
331.67352
331.66778
331.66372
331.65904
331.65636
331.65316
331.65135
331.64802
331.64448
331.63785
331.62949
331.61718
331.60291
331.58524
331.56686
331.54659
331.52762
331.5081
331.49189
331.47532
331.46393
331.45064
331.44487
331.43363
331.749
331.74498
331.74495
331.74138
331.74149
331.73818
331.73821
331.73509
331.73498
331.73202
331.73173
331.72893
331.72844
331.72568
331.72489
331.722
331.72077
331.71759
331.71577
331.7121
331.70958
331.70537
331.70223
331.6976
331.69398
331.68899
331.68502
331.68001
331.67635
331.67222
331.66974
331.66687
331.66507
331.66191
331.65826
331.65168
331.64316
331.63086
331.61644
331.5988
331.58029
331.56008
331.54102
331.52158
331.50532
331.48884
331.47743
331.46423
331.45846
331.44731
331.74989
331.74649
331.74654
331.74348
331.7435
331.74063
331.74057
331.73785
331.73765
331.73507
331.7347
331.73225
331.73173
331.72934
331.72856
331.72609
331.72497
331.72227
331.72068
331.71759
331.71541
331.71186
331.70917
331.70525
331.70211
331.69783
331.69432
331.68994
331.68663
331.68296
331.68063
331.67801
331.67618
331.67305
331.66922
331.66258
331.65383
331.64147
331.62686
331.60922
331.59063
331.5705
331.55143
331.53214
331.51591
331.4996
331.48824
331.47522
331.46947
331.4585
331.74993
331.74731
331.74749
331.74492
331.74494
331.74247
331.74237
331.74001
331.73977
331.73751
331.73711
331.73496
331.73442
331.73232
331.73156
331.7294
331.72837
331.72603
331.72462
331.72196
331.72005
331.71701
331.71466
331.7113
331.70856
331.70485
331.70173
331.69786
331.69485
331.69154
331.68934
331.68687
331.68493
331.68175
331.67765
331.67083
331.66179
331.64928
331.63448
331.61682
331.59817
331.57816
331.55916
331.54008
331.52398
331.50793
331.49668
331.48391
331.47824
331.4675
331.74951
331.74762
331.74796
331.74581
331.74588
331.74376
331.74369
331.74163
331.7414
331.73941
331.73902
331.73711
331.73657
331.73469
331.73397
331.73203
331.73107
331.72899
331.7277
331.72536
331.72365
331.72098
331.71891
331.71597
331.71355
331.71028
331.70748
331.70402
331.70125
331.69822
331.69608
331.69367
331.69157
331.68821
331.68377
331.67668
331.66729
331.65457
331.63955
331.62186
331.60319
331.58335
331.5645
331.54571
331.52982
331.5141
331.50305
331.49061
331.48504
331.47462
331.74887
331.7476
331.74805
331.74627
331.74642
331.7446
331.74457
331.74278
331.74258
331.74083
331.74046
331.73875
331.73823
331.73653
331.73582
331.73406
331.73313
331.73124
331.73003
331.72791
331.72634
331.72395
331.72207
331.71944
331.71725
331.71432
331.71176
331.70862
331.70603
331.70319
331.70106
331.69861
331.69628
331.69265
331.6878
331.68034
331.67053
331.65755
331.6423
331.62459
331.60596
331.58632
331.5677
331.54927
331.53369
331.51839
331.50759
331.49555
331.49013
331.48009
331.74818
331.74736
331.74788
331.74639
331.74663
331.74506
331.7451
331.74352
331.74339
331.74182
331.7415
331.73994
331.73945
331.73786
331.73718
331.73551
331.73462
331.73283
331.73168
331.72968
331.72821
331.72599
331.72425
331.72184
331.71982
331.71712
331.71474
331.71181
331.70934
331.70661
331.70443
331.70185
331.69921
331.69522
331.68988
331.68197
331.67171
331.65843
331.64296
331.62523
331.60668
331.58732
331.569
331.55103
331.53583
331.52101
331.51054
331.49898
331.49373
331.48413
331.74746
331.74699
331.74752
331.74625
331.74658
331.7452
331.74532
331.74392
331.74386
331.74242
331.74217
331.7407
331.74025
331.73872
331.73806
331.73644
331.73555
331.73381
331.73267
331.73074
331.72932
331.72719
331.72554
331.72325
331.72134
331.71878
331.71652
331.71371
331.71131
331.70859
331.7063
331.7035
331.70048
331.69603
331.69015
331.68172
331.67099
331.65737
331.64171
331.62399
331.60559
331.58656
331.56863
331.55118
331.53644
331.52219
331.51211
331.50107
331.49604
331.48693
331.74672
331.74652
331.74704
331.7459
331.74632
331.74508
331.7453
331.74401
331.74404
331.74269
331.74249
331.74108
331.74066
331.73914
331.73848
331.73685
331.73595
331.73419
331.73305
331.73111
331.72971
331.7276
331.72599
331.72374
331.72188
331.71938
331.71718
331.71442
331.71202
331.70923
331.70674
331.70364
331.70017
331.69519
331.68871
331.67972
331.66849
331.65455
331.63872
331.62105
331.60286
331.58424
331.56678
331.54992
331.53572
331.52211
331.51247
331.50202
331.49723
331.48865
331.74595
331.74598
331.74646
331.7454
331.74591
331.74476
331.74506
331.74385
331.74395
331.74265
331.7425
331.74108
331.74068
331.73912
331.73845
331.73674
331.73582
331.73398
331.73281
331.7308
331.72938
331.72723
331.72562
331.72334
331.72149
331.71898
331.71678
331.71399
331.71152
331.70857
331.70583
331.70233
331.69836
331.69277
331.68566
331.67607
331.66436
331.65009
331.63415
331.61659
331.59869
331.58054
331.56363
331.54745
331.53385
331.52094
331.51178
331.50196
331.49744
331.48943
331.74514
331.74538
331.7458
331.74478
331.74536
331.74426
331.74465
331.74347
331.74364
331.74232
331.74221
331.74072
331.74032
331.73866
331.73795
331.73612
331.73514
331.73316
331.73193
331.72981
331.72834
331.72609
331.72444
331.72208
331.72019
331.7176
331.71535
331.71244
331.70985
331.70666
331.7036
331.69962
331.69508
331.68884
331.68107
331.67087
331.65869
331.64415
331.62815
331.61077
331.59323
331.57564
331.55936
331.54391
331.53099
331.51882
331.51019
331.50104
331.49679
331.48939
331.74427
331.74473
331.74508
331.74406
331.74471
331.74362
331.74408
331.74288
331.7431
331.7417
331.74161
331.73999
331.73955
331.73773
331.73695
331.73494
331.73388
331.73171
331.7304
331.7281
331.72656
331.72416
331.72244
331.71994
331.71797
331.71523
331.71288
331.70979
331.70701
331.7035
331.70005
331.69553
331.69038
331.68344
331.67501
331.66422
331.65161
331.63685
331.62086
331.60373
331.58665
331.56969
331.55412
331.53947
331.52727
331.51589
331.50781
331.49935
331.49541
331.48861
331.74333
331.74401
331.7443
331.74325
331.74397
331.74284
331.74336
331.74209
331.74233
331.74079
331.74067
331.73886
331.73836
331.7363
331.73542
331.73317
331.73199
331.72959
331.72817
331.72566
331.72401
331.72142
331.7196
331.7169
331.71482
331.71187
331.70937
331.70603
331.703
331.6991
331.6952
331.69008
331.68428
331.67662
331.66755
331.65619
331.64323
331.62831
331.61243
331.59564
331.5791
331.56284
331.54805
331.53425
331.52282
331.51225
331.50476
331.497
331.49336
331.48719
331.74233
331.74325
331.74345
331.74235
331.74314
331.74195
331.7425
331.7411
331.74132
331.73957
331.73938
331.7373
331.73667
331.73432
331.73331
331.73075
331.72943
331.72675
331.72518
331.72242
331.72065
331.71782
331.71587
331.71293
331.7107
331.70749
331.70479
331.70113
331.69779
331.69343
331.68903
331.68327
331.67681
331.66844
331.65875
331.64689
331.63364
331.61866
331.60298
331.58662
331.57071
331.55523
331.54127
331.52837
331.51774
331.508
331.50111
331.49406
331.49074
331.48517
331.74124
331.74243
331.74253
331.74137
331.74222
331.74092
331.74148
331.73987
331.74002
331.73797
331.73765
331.73522
331.73444
331.73172
331.73052
331.72761
331.72612
331.72311
331.72139
331.71833
331.71642
331.71331
331.71121
331.70799
331.70557
331.70206
331.69911
331.69508
331.69137
331.6865
331.68156
331.67511
331.668
331.65894
331.6487
331.6364
331.62297
331.60802
331.59266
331.57682
331.56162
331.54698
331.53391
331.52193
331.51213
331.50323
331.49695
331.49059
331.48758
331.48262
331.74007
331.74155
331.74153
331.74031
331.74121
331.73976
331.74026
331.73837
331.73837
331.73594
331.73543
331.73257
331.73156
331.72841
331.72699
331.72368
331.72198
331.71861
331.71671
331.71332
331.71125
331.70784
331.70556
331.70203
331.69939
331.69552
331.69229
331.68782
331.68371
331.67827
331.67277
331.66564
331.65789
331.64819
331.63747
331.62483
331.61132
331.59652
331.58158
331.56636
331.55195
331.5382
331.52606
331.51503
331.50607
331.498
331.49233
331.48664
331.48394
331.47956
331.7388
331.74061
331.74046
331.73917
331.74009
331.73842
331.73879
331.73652
331.73629
331.73337
331.7326
331.72922
331.72794
331.72429
331.72262
331.71886
331.71694
331.71317
331.71108
331.70734
331.70509
331.70134
331.69887
331.69498
331.6921
331.68784
331.68428
331.67934
331.67479
331.66875
331.66268
331.65487
331.64653
331.63625
331.62515
331.61228
331.59883
331.58429
331.56987
331.55535
331.54181
331.529
331.51782
331.50774
331.49962
331.49237
331.48728
331.48225
331.47985
331.47601
331.73742
331.73964
331.7393
331.73794
331.73882
331.73684
331.73698
331.73423
331.73367
331.73016
331.72904
331.72507
331.72346
331.71926
331.7173
331.71305
331.71089
331.70671
331.70441
331.7003
331.69786
331.69376
331.69107
331.68681
331.68366
331.67896
331.67505
331.6696
331.66458
331.65794
331.6513
331.64286
331.63398
331.62322
331.61185
331.59888
331.5856
331.57144
331.55765
331.54391
331.53129
331.51946
331.50925
331.50011
331.49282
331.48636
331.48186
331.47744
331.47533
331.472
331.73592
331.73863
331.73804
331.7366
331.73734
331.73496
331.73473
331.73136
331.73036
331.72616
331.72462
331.71998
331.71799
331.7132
331.71092
331.70617
331.70376
331.69914
331.69664
331.69215
331.68951
331.68505
331.68212
331.67746
331.67401
331.66887
331.66457
331.65859
331.6531
331.64586
331.63868
331.62966
331.62034
331.6092
331.59768
331.58474
331.57176
331.5581
331.54503
331.53214
331.52049
331.50964
331.50042
331.4922
331.48572
331.48001
331.47606
331.47222
331.47039
331.46753
331.73428
331.73763
331.73668
331.73512
331.73559
331.73264
331.73188
331.72777
331.7262
331.72121
331.71917
331.7138
331.7114
331.70598
331.70338
331.69811
331.69544
331.6904
331.68769
331.68282
331.67998
331.67513
331.67196
331.66689
331.66313
331.65751
331.65283
331.64632
331.64035
331.63253
331.62487
331.61534
331.60568
331.59429
331.58277
331.56999
331.55743
331.54437
331.53212
331.52013
331.50948
331.49962
331.49136
331.48404
331.47834
331.47334
331.46991
331.4666
331.46502
331.4626
331.7325
331.73666
331.73517
331.73344
331.73343
331.72972
331.72826
331.72325
331.721
331.71512
331.71253
331.70639
331.70355
331.69749
331.69456
331.68878
331.68587
331.68041
331.6775
331.67226
331.66921
331.66399
331.66056
331.65507
331.65098
331.6449
331.63981
331.63278
331.62636
331.61803
331.60995
331.60002
331.59013
331.57862
331.56722
331.55474
331.54274
331.53037
331.51899
331.50795
331.49831
331.48943
331.48211
331.47565
331.47069
331.46635
331.4634
331.46058
331.45924
331.4572
331.73056
331.73579
331.73347
331.73145
331.73069
331.72602
331.72363
331.71761
331.71455
331.70773
331.70453
331.69761
331.69431
331.68763
331.68438
331.67811
331.67498
331.66912
331.66602
331.66042
331.65717
331.65157
331.64789
331.64199
331.63757
331.63102
331.62555
331.61803
331.61121
331.60242
331.59401
331.58379
331.5738
331.56232
331.55119
331.53913
331.52778
331.51619
331.50574
331.49567
331.48702
331.47911
331.47269
331.46704
331.46277
331.45903
331.45654
331.45414
331.45302
331.45132
331.72845
331.73509
331.73148
331.72902
331.72714
331.72126
331.71776
331.71059
331.70665
331.69884
331.69501
331.68731
331.68357
331.6763
331.67276
331.66604
331.6627
331.65648
331.65322
331.64728
331.64383
331.63787
331.63394
331.62763
331.6229
331.61591
331.61008
331.60212
331.59495
331.5858
331.57717
331.56679
331.55683
331.54552
331.53478
331.52327
331.51266
331.50191
331.49242
331.48332
331.47566
331.46867
331.46311
331.4582
331.45457
331.45139
331.4493
331.44729
331.44636
331.44496
331.72614
331.73462
331.72905
331.72592
331.72251
331.71517
331.71036
331.70196
331.69707
331.68828
331.68383
331.67538
331.67123
331.66343
331.65963
331.65252
331.64901
331.64248
331.63906
331.63282
331.62919
331.6229
331.61872
331.61204
331.60701
331.59962
331.59347
331.58514
331.5777
331.56829
331.55956
331.54915
331.53936
331.52835
331.51813
331.50726
331.49746
331.48761
331.47908
331.47094
331.46424
331.45811
331.45335
331.44914
331.44609
331.4434
331.44167
331.44
331.43924
331.4381
331.72363
331.73441
331.72597
331.72185
331.71645
331.70743
331.70115
331.69148
331.68563
331.67589
331.67085
331.66174
331.65722
331.64896
331.64495
331.63753
331.63389
331.62709
331.62355
331.61704
331.61325
331.60666
331.60226
331.59524
331.58994
331.58221
331.5758
331.56718
331.55958
331.55003
331.54131
331.53101
331.52152
331.51095
331.50134
331.4912
331.48226
331.47332
331.46576
331.45855
331.45276
331.44744
331.44342
331.43983
331.43731
331.43504
331.43364
331.43226
331.43166
331.43073
331.72089
331.73441
331.72192
331.71645
331.70858
331.69769
331.68987
331.67894
331.67215
331.66156
331.65598
331.64631
331.6415
331.63289
331.62873
331.62107
331.61734
331.61035
331.60671
331.59999
331.59604
331.5892
331.5846
331.5773
331.57178
331.56378
331.55719
331.54839
331.54071
331.53115
331.52257
331.51252
331.50345
331.49342
331.48451
331.47516
331.46712
331.45909
331.45248
331.44615
331.44121
331.43664
331.43329
331.43025
331.4282
331.42632
331.4252
331.42407
331.42359
331.42285
331.71788
331.73445
331.7165
331.70924
331.6985
331.68563
331.67626
331.66416
331.65652
331.6452
331.63918
331.62908
331.62407
331.61521
331.61097
331.60317
331.5994
331.59228
331.58857
331.58169
331.57763
331.57059
331.56583
331.55831
331.55263
331.54445
331.53776
331.52889
331.52125
331.51181
331.50348
331.49381
331.48527
331.47588
331.46773
331.45922
331.45208
331.44495
331.43924
331.43375
331.42959
331.4257
331.42295
331.4204
331.41875
331.41719
331.41632
331.41539
331.41503
331.41444
331.71455
331.73418
331.7092
331.69972
331.68579
331.67097
331.66013
331.64701
331.63865
331.62678
331.62044
331.61007
331.60494
331.59597
331.59173
331.58387
331.58011
331.57294
331.5692
331.56223
331.55809
331.55091
331.54603
331.53839
331.5326
331.52436
331.51765
331.50883
331.50134
331.49215
331.4842
331.47502
331.46709
331.45841
331.45107
331.44341
331.43716
331.4309
331.42603
331.42132
331.41787
331.41458
331.41236
331.41024
331.40895
331.40766
331.407
331.40624
331.40597
331.40551
331.71079
331.733
331.69942
331.68734
331.6701
331.65347
331.64135
331.62743
331.61854
331.60633
331.5998
331.58933
331.58419
331.57525
331.57106
331.56326
331.55956
331.55241
331.54868
331.54169
331.5375
331.53027
331.52533
331.51765
331.51185
331.50364
331.49701
331.48838
331.48114
331.47233
331.46485
331.45626
331.44901
331.44109
331.43457
331.42777
331.42237
331.41694
331.41285
331.40884
331.40603
331.40328
331.40152
331.39976
331.39877
331.39771
331.39722
331.39661
331.39642
331.39605
331.70649
331.73003
331.6865
331.67155
331.65115
331.63299
331.61986
331.60543
331.59622
331.58391
331.57734
331.56695
331.56191
331.55313
331.54907
331.54143
331.53783
331.53079
331.52711
331.52017
331.51599
331.5088
331.50386
331.49624
331.4905
331.48245
331.47601
331.46768
331.4608
331.45248
331.44555
331.43762
331.43109
331.42398
331.41827
331.4123
331.40771
331.40305
331.39968
331.3963
331.39404
331.39176
331.39039
331.38894
331.3882
331.38734
331.38699
331.38649
331.38636
331.38608
331.7014
331.72411
331.66977
331.6519
331.62877
331.6095
331.59572
331.58111
331.57181
331.55964
331.55319
331.54307
331.53822
331.52973
331.52586
331.51849
331.51503
331.50819
331.50459
331.4978
331.49367
331.48662
331.48176
331.47432
331.46873
331.46095
331.4548
331.44688
331.44046
331.43271
331.4264
331.4192
331.41341
331.4071
331.40219
331.39701
331.39317
331.38922
331.38648
331.38366
331.38188
331.38
331.37896
331.37778
331.37725
331.37654
331.37631
331.3759
331.37582
331.3756
331.69522
331.71387
331.6486
331.62806
331.60292
331.58306
331.56904
331.5546
331.54547
331.5337
331.5275
331.51784
331.51326
331.50521
331.50158
331.49457
331.49129
331.48474
331.48127
331.47472
331.4707
331.46388
331.45918
331.45202
331.44668
331.43929
331.43351
331.42612
331.42022
331.41313
331.40749
331.40104
331.396
331.39048
331.38632
331.3819
331.37874
331.37543
331.37323
331.37091
331.36953
331.368
331.36723
331.36627
331.3659
331.36532
331.36518
331.36484
331.36481
331.36463
331.68747
331.69782
331.62257
331.59987
331.57369
331.55386
331.54004
331.52614
331.5174
331.50627
331.50047
331.49142
331.4872
331.47969
331.47636
331.4698
331.46674
331.46056
331.45727
331.45105
331.44722
331.44074
331.43627
331.42952
331.4245
331.41761
331.41229
331.40551
331.4002
331.39383
331.38886
331.38319
331.37888
331.37413
331.37066
331.36694
331.36438
331.36164
331.35992
331.35803
331.35699
331.35575
331.3552
331.35442
331.35418
331.3537
331.35363
331.35335
331.35335
331.35321
331.6775
331.67452
331.59142
331.56745
331.54132
331.52217
331.50899
331.49597
331.48786
331.47758
331.47228
331.464
331.46019
331.45334
331.45034
331.44432
331.44152
331.4358
331.43274
331.42695
331.42336
331.41733
331.41317
331.40693
331.40233
331.39604
331.39124
331.38515
331.38046
331.37485
331.37057
331.36567
331.36205
331.35803
331.3552
331.35211
331.35008
331.34784
331.34652
331.34499
331.34423
331.34323
331.34285
331.34223
331.34208
331.34169
331.34167
331.34144
331.34146
331.34135
331.66439
331.6428
331.55523
331.53112
331.50618
331.48836
331.47623
331.46439
331.45708
331.44786
331.44315
331.43577
331.43242
331.42632
331.42367
331.41828
331.41576
331.4106
331.4078
331.40254
331.39926
331.39379
331.39002
331.3844
331.38028
331.37468
331.37045
331.36511
331.36107
331.35623
331.35262
331.34848
331.34551
331.34217
331.33991
331.33739
331.33581
331.33401
331.33302
331.33181
331.33126
331.33047
331.33022
331.32972
331.32965
331.32933
331.32934
331.32915
331.32919
331.32909
331.64679
331.60187
331.51435
331.49143
331.46873
331.45282
331.44208
331.4317
331.42535
331.41732
331.41329
331.40689
331.40405
331.39876
331.39649
331.3918
331.38961
331.38507
331.3826
331.37796
331.37506
331.37024
331.36693
331.36201
331.35843
331.35359
331.34998
331.34543
331.34204
331.33798
331.33503
331.33161
331.32923
331.32653
331.32476
331.32275
331.32155
331.32014
331.31941
331.31846
331.31808
331.31747
331.31731
331.31692
331.3169
331.31664
331.31668
331.31652
331.31656
331.31649
331.62277
331.55165
331.46949
331.44905
331.42948
331.41596
331.40689
331.39817
331.39289
331.38619
331.38287
331.37755
331.37522
331.37082
331.36895
331.36501
331.36317
331.35934
331.35724
331.35331
331.35084
331.34677
331.34397
331.33984
331.33686
331.33283
331.32986
331.32612
331.32339
331.3201
331.31776
331.31504
331.31319
331.31107
331.30973
331.30818
331.30729
331.30621
331.3057
331.30497
331.30472
331.30425
331.30417
331.30386
331.30387
331.30367
331.30371
331.30358
331.30363
331.30357
331.58916
331.49266
331.42154
331.40473
331.38896
331.37818
331.37098
331.36408
331.35993
331.35466
331.35206
331.34788
331.34608
331.34261
331.34114
331.33802
331.33656
331.3335
331.33181
331.32867
331.32669
331.32344
331.3212
331.31793
331.31557
331.3124
331.3101
331.30719
331.30509
331.30256
331.30079
331.29873
331.29736
331.29578
331.2948
331.29365
331.29303
331.29223
331.29188
331.29136
331.29119
331.29085
331.29081
331.29058
331.2906
331.29045
331.29049
331.2904
331.29044
331.29039
331.54077
331.42641
331.37151
331.35913
331.34763
331.33982
331.33463
331.32964
331.32667
331.32287
331.32102
331.31802
331.31673
331.31423
331.31318
331.31092
331.30985
331.30762
331.30639
331.3041
331.30265
331.30028
331.29866
331.29628
331.29458
331.2923
331.29065
331.28858
331.2871
331.28531
331.28408
331.28264
331.2817
331.28061
331.27995
331.27916
331.27875
331.27821
331.27799
331.27763
331.27753
331.2773
331.27728
331.27713
331.27715
331.27704
331.27708
331.27701
331.27704
331.27701
331.46758
331.35483
331.32036
331.31286
331.30589
331.30117
331.29804
331.29503
331.29325
331.29096
331.28986
331.28805
331.28728
331.28577
331.28514
331.28377
331.28312
331.28176
331.28101
331.27961
331.27873
331.27729
331.27631
331.27487
331.27384
331.27247
331.27148
331.27024
331.26936
331.2683
331.26757
331.26672
331.26618
331.26553
331.26516
331.2647
331.26447
331.26415
331.26403
331.26382
331.26377
331.26364
331.26363
331.26354
331.26356
331.26349
331.26352
331.26348
331.2635
331.26348
331.34916
331.28049
331.26881
331.26632
331.26399
331.26241
331.26137
331.26037
331.25977
331.25901
331.25864
331.25804
331.25778
331.25728
331.25707
331.25661
331.25639
331.25594
331.25568
331.25521
331.25492
331.25443
331.2541
331.25362
331.25328
331.25282
331.25249
331.25208
331.25179
331.25143
331.2512
331.25091
331.25074
331.25052
331.2504
331.25025
331.25018
331.25007
331.25003
331.24997
331.24995
331.24991
331.24991
331.24988
331.24988
331.24986
331.24987
331.24986
331.24986
331.24986
)
;

boundaryField
{
    inlet
    {
        type            fixedValue;
        value           uniform 331.75;
    }
    outlet
    {
        type            zeroGradient;
    }
    wall_membrane
    {
        type            groovyBC;
        refValue        nonuniform List<scalar> 
50
(
323.47289
323.43942
323.40595
323.37248
323.33902
323.30555
323.27208
323.23861
323.20515
323.17168
323.13821
323.10474
323.07128
323.03781
323.00434
322.97087
322.93741
322.90394
322.87047
322.83701
322.80354
322.77007
322.7366
322.70314
322.66967
322.6362
322.60273
322.56927
322.5358
322.50233
322.46886
322.4354
322.40193
322.36846
322.33499
322.30153
322.26806
322.23459
322.20112
322.16766
322.13419
322.10072
322.06725
322.03379
322.00032
321.96685
321.93338
321.89992
321.86645
321.83298
)
;
        refGradient     uniform 0;
        valueFraction   uniform 1;
        source          uniform 0;
        value           nonuniform List<scalar> 
50
(
323.47289
323.43942
323.40595
323.37248
323.33902
323.30555
323.27208
323.23861
323.20515
323.17168
323.13821
323.10474
323.07128
323.03781
323.00434
322.97087
322.93741
322.90394
322.87047
322.83701
322.80354
322.77007
322.7366
322.70314
322.66967
322.6362
322.60273
322.56927
322.5358
322.50233
322.46886
322.4354
322.40193
322.36846
322.33499
322.30153
322.26806
322.23459
322.20112
322.16766
322.13419
322.10072
322.06725
322.03379
322.00032
321.96685
321.93338
321.89992
321.86645
321.83298
)
;
        valueExpression "Tm";
        gradientExpression "0";
        fractionExpression "1";
        evaluateDuringConstruction 0;
        cyclicSlave     0;
        variables       
12
(
"T_a=331.75;"
"L=0.15;"
"Tp_in=299.1;"
"Tp_out=304.6;"
"T_p=Tp_out-(Tp_out-Tp_in)/L*pos().x;"
"delta_mem=0.0001;"
"lambda_mem=0.053;"
"lambda_alim=0.65;"
"delta_alim=0.001;"
"h_agua=613;"
"h_ef=(lambda_alim/delta_alim)*(1/h_agua+delta_mem/lambda_mem);"
"Tm=((Tp_out-(Tp_out-Tp_in)/L*pos().x)+h_ef*T_a)/(1+h_ef);"
)
;
        timelines       (
);
        lookuptables    (
);
        lookuptables2D  (
);
    }
    wall_up
    {
        type            groovyBC;
        refValue        uniform 331.24303;
        refGradient     uniform 0;
        valueFraction   uniform 1;
        source          uniform 0;
        value           uniform 331.24303;
        valueExpression "T_m";
        gradientExpression "0";
        fractionExpression "1";
        evaluateDuringConstruction 0;
        cyclicSlave     0;
        variables       
10
(
"T_a=331.75;"
"Text=298;"
"L=0.15;"
"delta_ext=0.0132;"
"lambda_ext=15;"
"lambda_alim=0.65;"
"delta_alim=0.001;"
"h_ext=10;"
"h_ef=lambda_alim/delta_alim*(1/h_ext+delta_ext/lambda_ext);"
"T_m=(Text+h_ef*T_a)/(1+h_ef);"
)
;
        timelines       (
);
        lookuptables    (
);
        lookuptables2D  (
);
    }
    sides
    {
        type            empty;
    }
}


// ************************************************************************* //
