/*--------------------------------*- C++ -*----------------------------------*\
| =========                 |                                                 |
| \\      /  F ield         | OpenFOAM: The Open Source CFD Toolbox           |
|  \\    /   O peration     | Version:  2312                                  |
|   \\  /    A nd           | Website:  www.openfoam.com                      |
|    \\/     M anipulation  |                                                 |
\*---------------------------------------------------------------------------*/
FoamFile
{
    version     2.0;
    format      ascii;
    arch        "LSB;label=32;scalar=64";
    class       volScalarField;
    location    "1";
    object      T;
}
// * * * * * * * * * * * * * * * * * * * * * * * * * * * * * * * * * * * * * //

dimensions      [0 0 0 1 0 0 0];

internalField   nonuniform List<scalar> 
4000
(
312.47891
311.77582
311.64192
311.60025
311.56033
311.52774
311.50081
311.4739
311.45146
311.42683
311.40661
311.38358
311.3647
311.34303
311.32518
311.30464
311.28757
311.26791
311.25136
311.23235
311.21608
311.19749
311.18133
311.163
311.14685
311.12871
311.1125
311.09451
311.07824
311.06037
311.04406
311.0263
311.00996
310.99231
310.97595
310.95839
310.94202
310.92452
310.90815
310.8907
310.87433
310.8569
310.84055
310.82312
310.8068
310.78934
310.77307
310.75554
310.73943
310.72142
313.66677
312.52693
312.16551
312.07483
311.98998
311.92691
311.88079
311.8348
311.8021
311.76292
311.7369
311.7025
311.68046
311.65009
311.63113
311.60416
311.58753
311.56323
311.54818
311.52579
311.5116
311.49049
311.47665
311.45636
311.44253
311.42279
311.40883
311.38952
311.37538
311.35644
311.34215
311.32356
311.30918
311.2909
311.27647
311.25845
311.24399
311.22618
311.21172
311.19404
311.1796
311.16199
311.1476
311.12998
311.11566
311.09797
311.08381
311.06589
311.05222
311.03295
314.39998
313.24915
312.68472
312.54637
312.41769
312.32458
312.25948
312.19465
312.1517
312.09812
312.06622
312.02054
311.99518
311.95613
311.93583
311.9024
311.886
311.85701
311.84325
311.81748
311.80522
311.7816
311.76995
311.74774
311.73614
311.71486
311.70305
311.68247
311.67039
311.65042
311.6381
311.61869
311.60621
311.58732
311.57475
311.5563
311.5437
311.52558
311.51299
311.49509
311.48254
311.46475
311.45228
311.43449
311.42215
311.40424
311.39216
311.37387
311.36259
311.34229
314.88591
313.91842
313.192
313.01045
312.84054
312.71862
312.63513
312.55207
312.49899
312.43139
312.39357
312.33679
312.30792
312.26024
312.23833
312.19841
312.18191
312.14819
312.13544
312.10627
312.09568
312.0696
312.05995
312.03588
312.02636
312.00362
311.99384
311.97208
311.96192
311.941
311.93052
311.91036
311.89966
311.8802
311.8694
311.85054
311.8397
311.8213
311.8105
311.79241
311.78167
311.76373
311.75312
311.73519
311.72476
311.70668
311.69661
311.67801
311.669
311.64797
315.22235
314.51233
313.67763
313.4611
313.25454
313.10611
313.00544
312.90515
312.8423
312.76131
312.7176
312.65011
312.61756
312.56142
312.53756
312.4912
312.47419
312.43576
312.42361
312.39107
312.38182
312.35333
312.34542
312.31958
312.31194
312.28784
312.27992
312.25709
312.24871
312.22692
312.21814
312.19729
312.18824
312.16826
312.15908
312.13985
312.13066
312.11201
312.10288
312.08463
312.07561
312.05757
312.04871
312.0307
312.02208
312.00388
311.99571
311.97689
311.96998
311.94859
315.46343
315.01836
314.1315
313.8913
313.65486
313.48348
313.36754
313.25156
313.1796
313.08614
313.03675
312.95913
312.92279
312.85851
312.83238
312.77971
312.76178
312.71866
312.70668
312.6708
312.66251
312.63169
312.6252
312.59771
312.59169
312.56638
312.56012
312.53634
312.52956
312.50701
312.49975
312.4783
312.47072
312.45029
312.44257
312.42303
312.41532
312.39647
312.38887
312.37051
312.36308
312.34499
312.33777
312.31972
312.3128
312.29456
312.28816
312.26923
312.26419
312.24282
315.63972
315.42942
314.54439
314.29373
314.03627
313.84673
313.7182
313.58862
313.50855
313.40389
313.34922
313.2623
313.22218
313.15024
313.12159
313.06284
313.04357
312.99588
312.98361
312.94447
312.93671
312.90365
312.89822
312.86921
312.86454
312.83817
312.83332
312.80875
312.80337
312.78019
312.77426
312.75232
312.74602
312.7252
312.71876
312.69895
312.69255
312.67356
312.66732
312.64891
312.6429
312.62482
312.61909
312.60109
312.59572
312.57752
312.57272
312.55383
312.55041
312.52939
315.77121
315.74754
314.90964
314.66161
314.3936
314.19171
314.05398
313.91341
313.82662
313.71239
313.65304
313.5579
313.51418
313.43525
313.40392
313.33947
313.31849
313.26642
313.25341
313.21112
313.20344
313.16825
313.16351
313.13312
313.12949
313.10222
313.09854
313.07335
313.06914
313.04549
313.04068
313.01835
313.01313
312.99201
312.98665
312.96664
312.96136
312.94226
312.93721
312.91878
312.91404
312.89602
312.89163
312.87374
312.86976
312.85171
312.84833
312.82963
312.82755
312.80716
315.87118
315.98026
315.22343
314.98953
314.72225
314.51445
314.37147
314.22298
314.13122
314.00935
313.94616
313.84412
313.79713
313.71209
313.67806
313.60842
313.58546
313.52929
313.51513
313.46985
313.46183
313.42464
313.4202
313.38858
313.38565
313.35765
313.35489
313.32924
313.32598
313.30201
313.29812
313.27553
313.27118
313.24986
313.24536
313.22521
313.22084
313.20169
313.19763
313.17924
313.17558
313.15769
313.15444
313.13676
313.13398
313.11619
313.11402
313.09568
313.09464
313.07514
315.94886
316.14003
315.48541
315.27419
315.01865
314.81148
314.66749
314.51449
314.41982
314.29251
314.22652
314.11912
314.06938
313.97929
313.94267
313.86852
313.84342
313.78353
313.76788
313.71983
313.71107
313.67204
313.66751
313.6348
313.63227
313.60369
313.60159
313.57566
313.57314
313.549
313.54583
313.5231
313.51943
313.49798
313.49416
313.47392
313.47026
313.45109
313.44783
313.42953
313.42674
313.40904
313.40675
313.38935
313.38757
313.37015
313.36897
313.35115
313.3509
313.33245
316.01096
316.24144
315.6979
315.51473
315.2805
315.08007
314.93936
314.78541
314.69005
314.5597
314.49213
314.3811
314.32928
314.23536
314.19645
314.11859
314.09131
314.0282
314.01083
313.96029
313.95044
313.90973
313.90477
313.87111
313.86867
313.83968
313.83798
313.81193
313.80994
313.7858
313.78316
313.76043
313.75725
313.73577
313.73241
313.71215
313.70899
313.68986
313.68717
313.669
313.66689
313.64942
313.6479
313.63084
313.62987
313.61293
313.61253
313.59537
313.59566
313.57837
316.062
316.29956
315.86575
315.71271
315.50691
315.31849
315.18505
315.03368
314.93994
314.80903
314.7412
314.62837
314.57531
314.47891
314.43813
314.35751
314.32816
314.26241
314.24317
314.1905
314.17929
314.13712
314.13141
314.09696
314.09431
314.06505
314.06352
314.03751
314.03586
314.01186
314.00959
313.98698
313.98412
313.96271
313.95964
313.93941
313.93656
313.9175
313.91519
313.89717
313.89553
313.87834
313.87738
313.86074
313.86037
313.84399
313.84415
313.82778
313.82841
313.81233
316.10534
316.3284
315.99512
315.87156
315.69836
315.5261
315.40336
315.25782
315.16793
315.03894
314.97223
314.85948
314.80607
314.70864
314.66655
314.5842
314.55301
314.48533
314.46421
314.40981
314.39706
314.35367
314.34695
314.31187
314.30875
314.27937
314.27777
314.25195
314.25047
314.22676
314.22471
314.20235
314.19967
314.17842
314.17547
314.15533
314.15261
314.13364
314.1315
314.11367
314.1123
314.09542
314.09482
314.07864
314.07868
314.06293
314.06346
314.04796
314.04877
314.0339
316.14302
316.33952
316.0929
315.99605
315.85668
315.70336
315.59398
315.4571
315.37307
315.24829
315.18404
315.07322
315.02043
314.92342
314.88067
314.7977
314.76505
314.69619
314.6733
314.61767
314.60327
314.55895
314.55102
314.51548
314.51167
314.48228
314.48044
314.45493
314.45346
314.43018
314.42822
314.40624
314.40362
314.38262
314.37966
314.35967
314.35689
314.33806
314.33591
314.31827
314.31697
314.30042
314.29997
314.2843
314.28455
314.2695
314.27021
314.25564
314.25649
314.24281
316.17661
316.34185
316.16575
316.09163
315.98478
315.85179
315.75751
315.63147
315.55497
315.43647
315.37591
315.26874
315.21752
315.12236
315.07966
314.99721
314.96354
314.89434
314.86989
314.81356
314.79753
314.7526
314.74333
314.70752
314.70283
314.67357
314.67131
314.64623
314.64464
314.62191
314.61994
314.59846
314.5958
314.57515
314.57206
314.55228
314.54931
314.53062
314.52829
314.51085
314.50944
314.49323
314.49275
314.47759
314.47788
314.46355
314.46429
314.45067
314.45146
314.4389
316.20689
316.34127
316.21975
316.16388
316.08634
315.97375
315.89532
315.78165
315.7139
315.60338
315.54756
315.44557
315.39681
315.30483
315.26292
315.18208
315.14795
315.07924
315.05354
314.99709
314.97954
314.93434
314.9237
314.8878
314.88213
314.85311
314.85029
314.82573
314.82392
314.80184
314.7998
314.77892
314.77616
314.75595
314.75264
314.73313
314.72984
314.71133
314.70865
314.69142
314.68971
314.67384
314.67315
314.65852
314.65867
314.64506
314.6457
314.63301
314.63367
314.62216
316.23452
316.34137
316.26003
316.21808
316.16547
316.07223
316.00947
315.90897
315.8507
315.74943
315.69916
315.60363
315.55812
315.47051
315.43008
315.35191
315.31787
315.2505
315.22393
315.16796
315.1491
315.104
315.09202
315.05625
315.04952
315.02085
315.01737
314.99343
314.9913
314.96998
314.9678
314.94763
314.94471
314.92504
314.92145
314.90227
314.89857
314.88026
314.8771
314.86008
314.85792
314.84236
314.84131
314.82717
314.82705
314.81415
314.81457
314.80276
314.80325
314.79269
316.2598
316.34371
316.29069
316.25885
316.22629
316.15053
316.10249
316.01529
315.96673
315.87553
315.83134
315.74326
315.70161
315.61938
315.58107
315.50649
315.47312
315.40788
315.3809
315.32601
315.30609
315.2615
315.24828
315.21285
315.20506
315.17686
315.17267
315.14941
315.14691
315.12641
315.12405
315.10469
315.1016
315.08255
315.07864
315.05986
315.05567
315.0376
315.03385
315.01702
315.01427
314.99899
314.99744
314.98376
314.98323
314.97099
314.9711
314.96012
314.9604
314.95068
316.283
316.34872
316.31483
316.28999
316.2727
316.21207
316.17719
316.10284
316.06375
315.98298
315.94513
315.86516
315.82782
315.75173
315.71608
315.64589
315.61374
315.55134
315.52441
315.47117
315.45052
315.40684
315.39255
315.35771
315.34889
315.32128
315.31635
315.29383
315.29092
315.27131
315.26875
315.25027
315.24701
315.22867
315.22444
315.20612
315.2014
315.18358
315.17916
315.16251
315.15906
315.14403
315.14185
315.12858
315.12754
315.11589
315.11562
315.10538
315.10543
315.09645
316.30428
316.35602
316.33465
316.31448
316.30814
316.2601
316.23646
316.17403
316.14378
316.07339
316.04185
315.97033
315.93756
315.86815
315.83558
315.7704
315.73994
315.68102
315.65458
315.60354
315.58252
315.54014
315.52501
315.49099
315.48124
315.45434
315.44867
315.42695
315.42361
315.40493
315.40217
315.38464
315.38121
315.36367
315.35913
315.34133
315.33607
315.31853
315.31339
315.2969
315.29266
315.27783
315.27492
315.26199
315.26035
315.24922
315.24851
315.23891
315.2387
315.23036
316.32381
316.365
316.3516
316.33446
316.3355
316.29756
316.28307
316.23136
316.20902
316.14859
316.12308
316.06004
316.03192
315.96947
315.94026
315.88054
315.85217
315.79723
315.77172
315.72334
315.70232
315.6616
315.64589
315.61293
315.6024
315.57632
315.56996
315.54909
315.54532
315.5276
315.52466
315.50812
315.50456
315.48788
315.48306
315.46585
315.46006
315.44283
315.43693
315.42058
315.4155
315.40082
315.39709
315.38443
315.38212
315.37141
315.37022
315.36115
315.36069
315.35287
316.34171
316.37495
316.36661
316.35146
316.35706
316.327
316.31959
316.2772
316.26166
316.21049
316.19054
316.13576
316.11216
316.05675
316.03103
315.97703
315.95105
315.90046
315.87625
315.83093
315.81026
315.77155
315.75553
315.72387
315.71272
315.68758
315.68061
315.66063
315.65645
315.63972
315.6366
315.6211
315.61744
315.60168
315.59663
315.58007
315.57377
315.55689
315.55022
315.53402
315.52804
315.51345
315.50886
315.49638
315.49335
315.48296
315.48126
315.47261
315.47188
315.46448
316.35814
316.38531
316.38023
316.36644
316.37454
316.35046
316.34825
316.31376
316.30381
316.26102
316.24601
316.19904
316.17971
316.13119
316.10896
316.06076
316.03737
315.99136
315.96875
315.9268
315.90681
315.87039
315.85435
315.8242
315.81262
315.78855
315.78106
315.76201
315.75746
315.74172
315.73845
315.72401
315.72029
315.7055
315.70028
315.68442
315.67767
315.66116
315.65375
315.63767
315.63079
315.61624
315.61075
315.59836
315.59457
315.58441
315.58216
315.57383
315.57283
315.56575
316.37322
316.39566
316.39274
316.38001
316.38917
316.36958
316.37093
316.34298
316.33742
316.30202
316.29124
316.25146
316.23604
316.19409
316.17524
316.13275
316.11203
316.0707
316.04993
316.01154
315.99253
315.95863
315.94284
315.91438
315.90258
315.87968
315.87179
315.85371
315.84885
315.8341
315.8307
315.81732
315.81361
315.79981
315.79449
315.77938
315.77224
315.75614
315.74802
315.73206
315.72427
315.70971
315.7033
315.69093
315.68636
315.67632
315.67352
315.6654
315.66411
315.65725
316.38707
316.40572
316.4043
316.39251
316.4018
316.38556
316.38914
316.36648
316.36422
316.33517
316.32788
316.29457
316.28261
316.24678
316.2311
316.19411
316.17605
316.13937
316.12057
316.08585
316.06804
316.03683
316.02154
315.99493
315.98312
315.96149
315.95333
315.93625
315.93113
315.91737
315.91388
315.90157
315.89789
315.88512
315.87975
315.86544
315.85798
315.84231
315.83355
315.8177
315.80903
315.79442
315.78708
315.77466
315.76929
315.75927
315.75591
315.7479
315.74632
315.7396
316.39982
316.41533
316.415
316.4041
316.41297
316.39925
316.40405
316.38561
316.38567
316.36198
316.35746
316.32985
316.32084
316.29059
316.2778
316.24596
316.23048
316.19831
316.18155
316.1505
316.13408
316.10564
316.09107
316.06643
316.0548
316.03453
316.02624
316.01019
316.00488
315.99209
315.98855
315.97728
315.97367
315.96194
315.9566
315.94311
315.93541
315.9202
315.91086
315.89512
315.88561
315.87091
315.86266
315.85011
315.84394
315.83387
315.82994
315.82195
315.82009
315.81341
316.41157
316.42444
316.4249
316.4149
316.42304
316.41126
316.41653
316.40142
316.40299
316.38373
316.38132
316.35862
316.35207
316.32679
316.31655
316.28947
316.2764
316.2485
316.23377
316.20632
316.19139
316.16576
316.15208
316.12949
316.11821
316.09936
316.09107
316.07608
316.07066
316.05882
316.05526
316.04501
316.04152
316.03081
316.02556
316.01291
316.00506
315.99033
315.98047
315.96486
315.95456
315.93973
315.93061
315.91786
315.91091
315.9007
315.8962
315.88816
315.88601
315.8793
316.4224
316.433
316.43403
316.42493
316.43221
316.42197
316.42721
316.41472
316.41715
316.40151
316.40061
316.38207
316.37749
316.35656
316.34852
316.32572
316.31485
316.29092
316.27817
316.25415
316.24077
316.21791
316.20526
316.18474
316.17397
316.15659
316.14843
316.1345
316.12904
316.11813
316.1146
316.10532
316.10199
316.09229
316.08718
316.07537
316.06743
316.05321
316.04292
316.02742
316.0164
316.00143
315.99146
315.97848
315.97076
315.96035
315.9553
315.94713
315.94469
315.93789
316.43242
316.44102
316.44244
316.43423
316.44061
316.43164
316.43652
316.42609
316.42891
316.41617
316.41629
316.40122
316.39816
316.38097
316.37478
316.35577
316.34685
316.32654
316.31564
316.29485
316.28301
316.26284
316.25129
316.23284
316.2227
316.20682
316.19889
316.18604
316.18062
316.17061
316.16714
316.15879
316.15564
316.14691
316.14199
316.13102
316.12307
316.10936
316.09871
316.08334
316.07166
316.05653
316.04577
316.03252
316.02406
316.01339
316.0078
315.99945
315.99672
315.98978
316.44167
316.44853
316.45017
316.44282
316.44831
316.44041
316.44477
316.43596
316.43883
316.42841
316.42915
316.41692
316.415
316.40097
316.39628
316.38056
316.37335
316.35627
316.34707
316.32926
316.31891
316.30129
316.29088
316.27445
316.26504
316.25065
316.24305
316.23127
316.22595
316.21682
316.21344
316.20598
316.20302
316.19522
316.19053
316.18038
316.17247
316.15927
316.14834
316.1331
316.12083
316.10554
316.09404
316.08049
316.07133
316.06038
316.05426
316.04568
316.04268
316.03555
316.45023
316.45554
316.45727
316.45071
316.45536
316.4484
316.45215
316.44464
316.44733
316.43875
316.4398
316.42988
316.42876
316.41736
316.41387
316.40097
316.3952
316.38097
316.37328
316.35817
316.34923
316.33398
316.32472
316.31023
316.3016
316.28867
316.2815
316.27076
316.26561
316.25732
316.25406
316.24742
316.24468
316.23776
316.23331
316.22395
316.21613
316.20343
316.1923
316.17719
316.1644
316.14895
316.13676
316.12291
316.11309
316.10182
316.0952
316.08637
316.08311
316.07575
316.45813
316.46206
316.46377
316.45793
316.4618
316.45565
316.45878
316.45233
316.4547
316.44758
316.44872
316.44065
316.44007
316.43083
316.42826
316.41774
316.41316
316.40141
316.39504
316.38234
316.37469
316.36162
316.35347
316.34081
316.333
316.32147
316.31478
316.30507
316.30014
316.29264
316.28953
316.28366
316.28114
316.27503
316.27084
316.26222
316.25454
316.24232
316.23103
316.21606
316.20282
316.18721
316.17441
316.16025
316.14982
316.13822
316.13114
316.12203
316.11852
316.11092
316.46542
316.4681
316.46969
316.46449
316.46764
316.46221
316.46474
316.45917
316.46116
316.4552
316.45628
316.44969
316.44943
316.44195
316.44007
316.43152
316.42792
316.41826
316.41304
316.40244
316.39596
316.38485
316.37776
316.36679
316.3598
316.34962
316.34343
316.33471
316.33004
316.3233
316.32036
316.3152
316.3129
316.30753
316.30361
316.29568
316.28814
316.27639
316.26498
316.25015
316.23653
316.22077
316.20741
316.19295
316.18196
316.17005
316.16253
316.15315
316.1494
316.14156
316.47213
316.47367
316.47506
316.47041
316.47291
316.4681
316.4701
316.46525
316.46685
316.46181
316.46275
316.45732
316.45724
316.45118
316.44978
316.44286
316.44003
316.43214
316.42789
316.4191
316.41366
316.40429
316.39817
316.38875
316.38255
316.37363
316.36798
316.3602
316.35582
316.34979
316.34703
316.34253
316.34043
316.33574
316.33206
316.32475
316.31737
316.30604
316.29457
316.27986
316.26591
316.25002
316.23618
316.22144
316.20995
316.19773
316.18982
316.18016
316.17621
316.16812
316.47826
316.47874
316.47988
316.4757
316.47762
316.47336
316.47488
316.47064
316.47186
316.46757
316.46832
316.46382
316.4638
316.45887
316.45782
316.45221
316.44998
316.44356
316.44011
316.43287
316.42832
316.42048
316.41524
316.40721
316.40177
316.39401
316.3889
316.382
316.37794
316.37257
316.37
316.36608
316.36418
316.36008
316.35663
316.34988
316.34265
316.33169
316.32017
316.30558
316.29136
316.27535
316.26109
316.24609
316.23416
316.22166
316.21341
316.2035
316.19936
316.19104
316.48378
316.48328
316.48415
316.48036
316.48178
316.478
316.4791
316.47539
316.47628
316.4726
316.47314
316.46938
316.46935
316.46531
316.46449
316.45994
316.45817
316.45296
316.45016
316.44422
316.44044
316.4339
316.42945
316.42265
316.41792
316.41122
316.40664
316.40055
316.39681
316.39205
316.38968
316.38627
316.38456
316.38098
316.37772
316.37144
316.36433
316.35371
316.34215
316.32766
316.31321
316.2971
316.28249
316.26728
316.25497
316.24223
316.23367
316.22354
316.21924
316.21073
316.48863
316.48727
316.48784
316.48441
316.48539
316.48204
316.4828
316.47955
316.48014
316.47696
316.47731
316.47414
316.47407
316.47073
316.47006
316.46636
316.46493
316.4607
316.45841
316.45356
316.45042
316.445
316.44123
316.43551
316.43142
316.42567
316.42159
316.41625
316.41283
316.40863
316.40645
316.4035
316.40195
316.39879
316.39569
316.38979
316.38279
316.37243
316.36083
316.34644
316.3318
316.31561
316.3007
316.28531
316.2727
316.25975
316.25096
316.24065
316.23621
316.22753
316.4927
316.49065
316.49096
316.48785
316.48848
316.4855
316.48599
316.48314
316.48349
316.48074
316.48091
316.47821
316.47808
316.47531
316.47473
316.47169
316.47052
316.46708
316.4652
316.46123
316.45862
316.45414
316.45096
316.44617
316.44265
316.43773
316.43412
316.42946
316.42635
316.42265
316.42065
316.4181
316.41667
316.41386
316.41087
316.40527
316.39833
316.38817
316.37653
316.3622
316.34741
316.33116
316.31602
316.3005
316.28765
316.27456
316.26557
316.25513
316.25059
316.2418
316.49588
316.49338
316.4935
316.49069
316.49106
316.48843
316.4887
316.4862
316.48637
316.48398
316.484
316.48169
316.4815
316.47917
316.47864
316.47614
316.47514
316.47233
316.47078
316.46752
316.46534
316.46164
316.45896
316.45496
316.45194
316.44775
316.44457
316.44051
316.43769
316.43444
316.43261
316.43038
316.42905
316.42649
316.42356
316.41816
316.41123
316.40121
316.38952
316.37524
316.36031
316.34403
316.32873
316.31313
316.30011
316.28693
316.27781
316.26729
316.26268
316.25382
316.4981
316.49547
316.49548
316.49297
316.49316
316.49084
316.49097
316.48877
316.4888
316.48672
316.48663
316.48465
316.4844
316.48242
316.48192
316.47983
316.47898
316.47666
316.47535
316.47267
316.47084
316.46777
316.46551
316.46216
316.45957
316.45601
316.45321
316.44967
316.44713
316.44427
316.44259
316.44062
316.43935
316.43696
316.43402
316.42874
316.42177
316.41181
316.40005
316.38579
316.37077
316.35448
316.33906
316.32344
316.31032
316.29712
316.28792
316.27739
316.27274
316.26387
316.49941
316.49694
316.49693
316.49474
316.49481
316.49278
316.49281
316.4909
316.49083
316.48902
316.48885
316.48713
316.48684
316.48515
316.48466
316.4829
316.48214
316.48021
316.47909
316.47686
316.47531
316.47276
316.47083
316.46803
316.46581
316.46277
316.4603
316.45721
316.45492
316.45238
316.45083
316.44906
316.44779
316.4455
316.44249
316.43723
316.43016
316.4202
316.40834
316.39409
316.379
316.36273
316.34726
316.33168
316.31852
316.30537
316.29615
316.28567
316.28101
316.27219
316.49997
316.49788
316.49792
316.49604
316.49607
316.4943
316.49428
316.49261
316.49249
316.49091
316.49069
316.48919
316.48888
316.48741
316.48694
316.48543
316.48475
316.48311
316.48214
316.48026
316.47893
316.47677
316.47513
316.47276
316.47084
316.46823
316.46605
316.46334
316.46126
316.459
316.45754
316.4559
316.45459
316.4523
316.44916
316.44383
316.4366
316.42659
316.41461
316.40035
316.3852
316.36899
316.35353
316.33804
316.32493
316.31189
316.30272
316.29235
316.28772
316.27901
316.50001
316.49839
316.49852
316.49694
316.49696
316.49544
316.4954
316.49395
316.49381
316.49243
316.49219
316.49087
316.49055
316.48926
316.48881
316.48749
316.48686
316.48545
316.48459
316.48297
316.48181
316.47997
316.47854
316.47652
316.47484
316.47258
316.47064
316.46824
316.46633
316.46428
316.46288
316.46131
316.45991
316.45754
316.4542
316.44873
316.44128
316.43115
316.41903
316.40475
316.38958
316.37345
316.35806
316.34274
316.32973
316.31688
316.30781
316.29763
316.29305
316.28452
316.49977
316.4986
316.49882
316.49751
316.49756
316.49626
316.49622
316.49496
316.49483
316.49361
316.49338
316.49221
316.49189
316.49075
316.49031
316.48913
316.48855
316.4873
316.48652
316.4851
316.48407
316.48246
316.4812
316.47944
316.47796
316.47597
316.47421
316.47206
316.47029
316.4684
316.46701
316.46544
316.46389
316.46136
316.45775
316.45205
316.44434
316.43404
316.42177
316.40746
316.3923
316.3763
316.36104
316.34594
316.33312
316.32052
316.31161
316.30168
316.29719
316.28889
316.49941
316.49861
316.4989
316.49781
316.49791
316.4968
316.49679
316.49569
316.49558
316.49451
316.49429
316.49325
316.49294
316.4919
316.49148
316.49041
316.48986
316.48872
316.488
316.48672
316.48578
316.48434
316.4832
316.48163
316.4803
316.47851
316.4769
316.47492
316.47326
316.47145
316.47004
316.46839
316.46665
316.46387
316.45994
316.45394
316.44592
316.4354
316.42298
316.40865
316.39353
316.3777
316.36264
316.34783
316.33525
316.32298
316.31428
316.30466
316.30029
316.29228
316.49901
316.49849
316.49882
316.49791
316.49806
316.4971
316.49714
316.49617
316.4961
316.49514
316.49496
316.494
316.49372
316.49275
316.49235
316.49134
316.49081
316.48974
316.48906
316.48787
316.48699
316.48566
316.48462
316.48317
316.48194
316.48029
316.47878
316.47692
316.47531
316.47354
316.47206
316.47027
316.46826
316.46517
316.46086
316.45449
316.44612
316.43536
316.42279
316.40845
316.39342
316.37781
316.363
316.34855
316.33629
316.32441
316.31597
316.30672
316.3025
316.29483
316.4986
316.49828
316.49862
316.49785
316.49806
316.49722
316.4973
316.49644
316.49642
316.49554
316.49539
316.49451
316.49424
316.49332
316.49293
316.49196
316.49144
316.4904
316.48974
316.48859
316.48775
316.48648
316.48549
316.48412
316.48296
316.48138
316.47993
316.47813
316.47654
316.47473
316.47313
316.47113
316.46881
316.46534
316.46058
316.4538
316.44506
316.43404
316.42132
316.40701
316.39211
316.37677
316.36229
316.34825
316.33637
316.32494
316.31682
316.30798
316.30394
316.29665
316.49818
316.49802
316.49835
316.49766
316.49793
316.49717
316.49731
316.49653
316.49655
316.49574
316.49563
316.49478
316.49453
316.49363
316.49324
316.49227
316.49175
316.49071
316.49005
316.4889
316.48808
316.48683
316.48587
316.48452
316.48338
316.48183
316.4804
316.47861
316.47698
316.47508
316.4733
316.47103
316.46833
316.46441
316.45918
316.45194
316.44282
316.43155
316.41871
316.40444
316.38973
316.37472
316.36062
316.34707
316.33562
316.3247
316.31694
316.30857
316.30472
316.29786
316.49775
316.49772
316.49803
316.49739
316.4977
316.49701
316.4972
316.49647
316.49654
316.49575
316.49568
316.49483
316.4946
316.49367
316.49328
316.49228
316.49175
316.49067
316.48999
316.48881
316.48799
316.48672
316.48576
316.48439
316.48325
316.48167
316.48022
316.47837
316.47667
316.47461
316.4726
316.46999
316.46686
316.46246
316.45671
316.449
316.43949
316.42797
316.41505
316.40088
316.38641
316.37179
316.35815
316.34514
316.33418
316.32382
316.31645
316.30858
316.30494
316.29854
316.49729
316.49738
316.49766
316.49705
316.4974
316.49674
316.49698
316.49627
316.49638
316.49559
316.49554
316.49466
316.49443
316.49345
316.49305
316.49198
316.49142
316.49027
316.48957
316.48833
316.48748
316.48615
316.48517
316.48374
316.48256
316.48091
316.47941
316.47745
316.47561
316.47335
316.47104
316.46803
316.46444
316.4595
316.45322
316.44502
316.43514
316.42341
316.41046
316.39644
316.38227
316.36811
316.35498
316.34257
316.33215
316.32239
316.31544
316.30811
316.3047
316.29877
316.49679
316.49702
316.49725
316.49664
316.49704
316.49638
316.49667
316.49595
316.49609
316.49527
316.49523
316.49428
316.49404
316.49297
316.49253
316.49136
316.49076
316.48951
316.48876
316.48743
316.48654
316.48512
316.48409
316.48257
316.48132
316.47955
316.47795
316.47584
316.47382
316.47128
316.46864
316.46518
316.46108
316.45557
316.44876
316.44009
316.42987
316.41797
316.40504
316.39124
316.37744
316.36379
316.35124
316.33947
316.32964
316.32051
316.31401
316.30723
316.30406
316.29862
316.49627
316.49662
316.49681
316.49618
316.49662
316.49595
316.49627
316.49552
316.49567
316.49477
316.49472
316.49367
316.49339
316.49219
316.49171
316.4904
316.48974
316.48836
316.48755
316.4861
316.48515
316.48361
316.48251
316.48086
316.47951
316.47759
316.47585
316.47352
316.47128
316.46841
316.46539
316.46143
316.4568
316.45071
316.44338
316.43425
316.42375
316.41174
316.3989
316.38539
316.37203
316.35896
316.34703
316.33595
316.32674
316.31826
316.31224
316.30602
316.3031
316.29815
316.4957
316.49619
316.49633
316.49568
316.49615
316.49545
316.49579
316.49497
316.49511
316.4941
316.494
316.4928
316.49246
316.4911
316.49054
316.48907
316.48833
316.4868
316.48591
316.48431
316.48328
316.48161
316.48041
316.47859
316.47712
316.475
316.47308
316.4705
316.46798
316.46473
316.46128
316.4568
316.45162
316.44496
316.43712
316.4276
316.41688
316.40482
316.39215
316.379
316.36615
316.35371
316.34246
316.3321
316.32354
316.31573
316.31019
316.30453
316.30186
316.29741
316.49509
316.49573
316.49581
316.49513
316.49564
316.49488
316.49522
316.49428
316.49439
316.49321
316.49304
316.49165
316.49122
316.48966
316.489
316.48733
316.4865
316.48478
316.48381
316.48204
316.48092
316.47907
316.47776
316.47574
316.47412
316.47176
316.46962
316.46673
316.46391
316.46023
316.45632
316.45129
316.44556
316.43835
316.43006
316.4202
316.40933
316.39732
316.3849
316.37217
316.35991
316.34815
316.33761
316.328
316.3201
316.31297
316.30792
316.30282
316.3004
316.29643
316.49443
316.49523
316.49525
316.49454
316.49507
316.49422
316.49453
316.49344
316.49346
316.49207
316.4918
316.49016
316.48961
316.48781
316.48703
316.48514
316.4842
316.48227
316.4812
316.47924
316.47801
316.47596
316.47452
316.47228
316.47047
316.46783
316.46545
316.46221
316.45903
316.45489
316.45051
316.44492
316.43867
316.43094
316.42226
316.41214
316.40121
316.38932
316.37724
316.36502
316.3534
316.34237
316.33258
316.32373
316.31651
316.31005
316.30548
316.30093
316.29876
316.29524
316.49371
316.49471
316.49464
316.4939
316.49443
316.49347
316.4937
316.49241
316.4923
316.49064
316.49021
316.48829
316.48758
316.48551
316.48458
316.48245
316.48138
316.47923
316.47804
316.47587
316.47452
316.47226
316.47066
316.46816
316.46614
316.4632
316.46053
316.45691
316.45335
316.44873
316.44386
316.43773
316.43098
316.4228
316.4138
316.40351
316.39261
316.38095
316.36929
316.35765
316.34672
316.33645
316.32743
316.31936
316.31281
316.307
316.30291
316.29888
316.29695
316.29388
316.49294
316.49416
316.49399
316.49321
316.49372
316.49259
316.49269
316.49112
316.49082
316.48883
316.48822
316.48596
316.48507
316.48269
316.4816
316.4792
316.47799
316.47561
316.47429
316.4719
316.47042
316.46792
316.46614
316.46337
316.4611
316.45783
316.45485
316.45082
316.44685
316.44174
316.43639
316.42975
316.42256
316.414
316.40477
316.3944
316.38364
316.3723
316.36115
316.35015
316.33995
316.33047
316.32224
316.31492
316.30904
316.30388
316.30024
316.29671
316.29501
316.29235
316.49209
316.4936
316.49328
316.49245
316.49289
316.49153
316.49142
316.48951
316.48896
316.48659
316.48573
316.48311
316.482
316.47929
316.47803
316.47534
316.47399
316.47136
316.46991
316.46729
316.46565
316.4629
316.46093
316.45785
316.45533
316.4517
316.44838
316.44392
316.43954
316.43395
316.42814
316.42104
316.41347
316.40462
316.39527
316.38493
316.37441
316.36348
316.35291
316.3426
316.33318
316.3245
316.31705
316.31049
316.30525
316.30069
316.2975
316.29443
316.29295
316.29067
316.49117
316.49303
316.49251
316.49162
316.4919
316.49023
316.48982
316.4875
316.48662
316.48381
316.48267
316.47964
316.4783
316.47525
316.47379
316.47082
316.46932
316.46645
316.46486
316.46199
316.4602
316.45718
316.45499
316.4516
316.4488
316.44479
316.44112
316.43623
316.43144
316.42539
316.41917
316.41167
316.40381
316.39476
316.38539
316.3752
316.36501
316.35458
316.34465
316.33508
316.32646
316.31859
316.31191
316.30607
316.30146
316.29747
316.2947
316.29206
316.29078
316.28884
316.49017
316.49249
316.49166
316.49068
316.49068
316.48859
316.48778
316.48496
316.4837
316.48039
316.47894
316.47548
316.47389
316.47049
316.46884
316.46559
316.46394
316.46082
316.45909
316.45598
316.45402
316.45072
316.44831
316.44459
316.44149
316.4371
316.43308
316.42777
316.42259
316.41612
316.40954
316.40171
316.39366
316.38452
316.37525
316.36531
316.35556
316.3457
316.33647
316.32767
316.31985
316.31278
316.30685
316.30171
316.29768
316.29423
316.29184
316.2896
316.28851
316.28688
316.48908
316.49201
316.49071
316.48957
316.48914
316.48651
316.48518
316.48179
316.48008
316.47624
316.47444
316.47055
316.4687
316.46495
316.46313
316.4596
316.45781
316.45445
316.45258
316.44923
316.44709
316.44351
316.44086
316.43681
316.43341
316.42865
316.42428
316.41857
316.41303
316.4062
316.39934
316.39128
316.38313
316.37403
316.36496
316.35537
316.34614
316.33692
316.32843
316.32041
316.3134
316.3071
316.30189
316.29741
316.29393
316.29097
316.28894
316.28704
316.28613
316.28477
316.48789
316.49162
316.48959
316.4882
316.48715
316.48385
316.48187
316.47785
316.47563
316.47125
316.46909
316.46477
316.46267
316.4586
316.4566
316.45282
316.45089
316.44732
316.44531
316.44172
316.43939
316.43554
316.43265
316.42827
316.42458
316.41945
316.41475
316.40869
316.40284
316.39572
316.38866
316.38048
316.37234
316.36339
316.35462
316.34548
316.33684
316.32831
316.32058
316.31336
316.30713
316.30158
316.29705
316.29317
316.29021
316.2877
316.28599
316.2844
316.28364
316.28252
316.4866
316.49135
316.48822
316.48646
316.48455
316.48043
316.47772
316.47301
316.47025
316.46532
316.4628
316.45807
316.45574
316.45137
316.44922
316.44522
316.44317
316.43939
316.43725
316.43344
316.43093
316.42681
316.42367
316.41899
316.41501
316.40956
316.40456
316.3982
316.39211
316.38478
316.37761
316.36942
316.36141
316.3527
316.34435
316.33574
316.32774
316.31993
316.31298
316.30653
316.30107
316.29623
316.29233
316.28901
316.28651
316.2844
316.28298
316.28167
316.28104
316.28013
316.48518
316.49124
316.48649
316.48418
316.48114
316.47608
316.47254
316.46712
316.46382
316.45836
316.45551
316.45041
316.44787
316.44325
316.44097
316.43679
316.43464
316.43068
316.42841
316.42439
316.42171
316.41733
316.41397
316.409
316.40476
316.39902
316.39378
316.38719
316.38093
316.37349
316.36632
316.35823
316.35044
316.34209
316.33422
316.32621
316.3189
316.31183
316.30565
316.29996
316.29521
316.29104
316.28773
316.28492
316.28283
316.28107
316.2799
316.27883
316.27832
316.27759
316.48364
316.49124
316.48421
316.48115
316.47672
316.47061
316.4662
316.46008
316.45625
316.45031
316.44716
316.44175
316.43904
316.43423
316.43185
316.42752
316.42529
316.42119
316.4188
316.4146
316.41174
316.40715
316.40357
316.39836
316.39389
316.38792
316.3825
316.37575
316.36941
316.36197
316.35489
316.34701
316.33955
316.33165
316.32433
316.31697
316.31037
316.30405
316.29862
316.29365
316.28958
316.286
316.28323
316.28087
316.27915
316.2777
316.27675
316.27588
316.27548
316.27489
316.48195
316.49127
316.48117
316.47711
316.47105
316.46384
316.45856
316.45178
316.44746
316.44113
316.43772
316.43208
316.42924
316.4243
316.42186
316.41744
316.41515
316.41093
316.40844
316.40409
316.40108
316.3963
316.39254
316.38713
316.38248
316.37636
316.37082
316.36402
316.35768
316.35034
316.34346
316.33588
316.32883
316.32146
316.31475
316.30806
316.30218
316.29659
316.29188
316.28759
316.28414
316.28112
316.27882
316.27686
316.27546
316.27427
316.27352
316.27282
316.2725
316.27204
316.48008
316.49112
316.47707
316.47176
316.46391
316.45561
316.4495
316.44215
316.43742
316.43078
316.42719
316.42141
316.4185
316.41349
316.41103
316.40657
316.40424
316.39995
316.39738
316.39291
316.38978
316.38485
316.38094
316.3754
316.37063
316.36444
316.35886
316.35209
316.34586
316.33872
316.33212
316.32495
316.31839
316.31159
316.30552
316.29953
316.29436
316.28947
316.28543
316.28177
316.27889
316.27636
316.27448
316.27287
316.27175
316.27079
316.2702
316.26964
316.26939
316.26903
316.47797
316.49046
316.47158
316.46481
316.4551
316.44578
316.43894
316.43115
316.42612
316.41929
316.4156
316.40976
316.40684
316.40185
316.3994
316.39495
316.3926
316.38829
316.38566
316.38113
316.37789
316.37288
316.36887
316.36326
316.35845
316.35226
316.34673
316.3401
316.33406
316.32723
316.321
316.3143
316.30828
316.30211
316.29669
316.29139
316.2869
316.28269
316.27927
316.27618
316.2738
316.27171
316.27019
316.26888
316.268
316.26722
316.26677
316.26632
316.26614
316.26586
316.47555
316.48879
316.46431
316.45594
316.44445
316.43428
316.42687
316.41879
316.41358
316.4067
316.40298
316.3972
316.39432
316.38942
316.38702
316.38263
316.3803
316.37601
316.37335
316.3688
316.36551
316.36047
316.35642
316.35083
316.34604
316.33996
316.33456
316.32816
316.32241
316.31596
316.31018
316.30402
316.29857
316.29304
316.28828
316.28365
316.27981
316.27621
316.27337
316.27079
316.26885
316.26713
316.26593
316.26487
316.26419
316.26357
316.26323
316.26288
316.26274
316.26253
316.4727
316.48547
316.45492
316.44491
316.43188
316.42108
316.41331
316.40513
316.39987
316.39307
316.38941
316.38378
316.38101
316.37626
316.37395
316.36969
316.3674
316.36319
316.36052
316.35602
316.35272
316.34773
316.34371
316.33822
316.33353
316.32765
316.32247
316.31639
316.31099
316.30501
316.29972
316.29414
316.2893
316.28441
316.28029
316.2763
316.27306
316.27003
316.26769
316.26557
316.26402
316.26262
316.26168
316.26083
316.26032
316.25983
316.25957
316.2593
316.2592
316.25904
316.46922
316.47972
316.44303
316.43151
316.41736
316.40623
316.39832
316.39024
316.38507
316.3785
316.37499
316.36961
316.36699
316.36247
316.36028
316.35619
316.35398
316.34989
316.34727
316.34287
316.33962
316.33476
316.33083
316.32554
316.32103
316.31543
316.31055
316.30488
316.29991
316.29445
316.2897
316.28472
316.28048
316.27623
316.27271
316.26932
316.26663
316.26412
316.26222
316.26049
316.25927
316.25815
316.25743
316.25675
316.25637
316.25598
316.2558
316.25558
316.25552
316.25539
316.46487
316.4707
316.4284
316.41568
316.40094
316.38983
316.38203
316.37425
316.3693
316.36309
316.3598
316.35477
316.35234
316.34812
316.34608
316.34223
316.34011
316.33621
316.33367
316.32946
316.32631
316.32167
316.3179
316.31289
316.30864
316.30342
316.29891
316.29372
316.28922
316.28433
316.28013
316.27577
316.27212
316.26848
316.26553
316.26269
316.26049
316.25843
316.25692
316.25553
316.25458
316.25369
316.25315
316.25262
316.25234
316.25203
316.25191
316.25174
316.2517
316.25161
316.45927
316.45761
316.41091
316.39746
316.38276
316.37203
316.36459
316.3573
316.35271
316.34698
316.34397
316.33937
316.33717
316.3333
316.33143
316.32787
316.32589
316.32224
316.31983
316.31587
316.31289
316.30855
316.30502
316.30038
316.29646
316.2917
316.28761
316.28296
316.27898
316.27467
316.27104
316.26729
316.26421
316.26114
316.25871
316.25638
316.25461
316.25295
316.25176
316.25065
316.24993
316.24924
316.24884
316.24842
316.24823
316.24799
316.24791
316.24777
316.24775
316.24768
316.4519
316.43979
316.39058
316.37705
316.36302
316.35303
316.34618
316.33956
316.33542
316.33028
316.32761
316.3235
316.32156
316.31811
316.31643
316.31321
316.31139
316.30807
316.30583
316.30221
316.29946
316.2955
316.29228
316.28809
316.28457
316.28033
316.27672
316.27264
316.2692
316.2655
316.26242
316.25927
316.25671
316.25419
316.25223
316.25034
316.24894
316.24762
316.24671
316.24585
316.24531
316.24477
316.24448
316.24416
316.24403
316.24384
316.24379
316.24369
316.24368
316.24363
316.44202
316.4168
316.36761
316.35476
316.34198
316.33306
316.327
316.32119
316.3176
316.31313
316.31084
316.30728
316.30562
316.30262
316.30116
316.29833
316.29671
316.29376
316.29176
316.28854
316.28609
316.28259
316.27974
316.27608
316.27301
316.26934
316.26625
316.26279
316.25989
316.25679
316.25426
316.25167
316.24961
316.24758
316.24603
316.24453
316.24346
316.24243
316.24175
316.24109
316.24069
316.24028
316.24008
316.23984
316.23975
316.23961
316.23958
316.2395
316.2395
316.23946
316.42852
316.38859
316.34242
316.33095
316.31994
316.31236
316.30724
316.30236
316.29937
316.29564
316.29375
316.29079
316.28942
316.28691
316.28569
316.2833
316.28192
316.27941
316.27769
316.27494
316.27284
316.26987
316.26746
316.26438
316.26181
316.25876
316.25622
316.25338
316.25102
316.24853
316.24651
316.24446
316.24285
316.24126
316.24008
316.23893
316.23813
316.23735
316.23685
316.23635
316.23607
316.23577
316.23563
316.23545
316.2354
316.23529
316.23528
316.23522
316.23522
316.23519
316.40964
316.35544
316.31548
316.30604
316.29717
316.29113
316.28707
316.28321
316.28086
316.27792
316.27645
316.27412
316.27305
316.27107
316.2701
316.26819
316.26707
316.26505
316.26366
316.26145
316.25976
316.25738
316.25545
316.253
316.25097
316.24858
316.24659
316.24438
316.24257
316.24066
316.23913
316.23758
316.23638
316.2352
316.23433
316.23349
316.23291
316.23235
316.232
316.23164
316.23145
316.23123
316.23114
316.23101
316.23098
316.2309
316.2309
316.23085
316.23086
316.23084
316.38246
316.31823
316.28737
316.28043
316.27396
316.26958
316.26665
316.26386
316.26218
316.26006
316.25901
316.25734
316.25657
316.25514
316.25443
316.25304
316.25222
316.25074
316.24972
316.2481
316.24685
316.24512
316.24371
316.24194
316.24047
316.23875
316.23732
316.23575
316.23447
316.23312
316.23206
316.23097
316.23015
316.22933
316.22875
316.22817
316.22779
316.22741
316.22718
316.22694
316.22681
316.22667
316.22661
316.22653
316.22651
316.22646
316.22646
316.22643
316.22643
316.22642
316.34135
316.27801
316.25864
316.25443
316.25051
316.24786
316.2461
316.24441
316.24341
316.24213
316.2415
316.2405
316.24004
316.23917
316.23874
316.23789
316.23739
316.23649
316.23586
316.23487
316.23411
316.23305
316.2322
316.23112
316.23024
316.2292
316.22835
316.2274
316.22664
316.22584
316.22521
316.22458
316.22409
316.22362
316.22328
316.22295
316.22273
316.22251
316.22238
316.22224
316.22217
316.22209
316.22206
316.22201
316.222
316.22197
316.22197
316.22195
316.22196
316.22195
316.27482
316.23624
316.22968
316.22828
316.22697
316.22609
316.2255
316.22494
316.2246
316.22418
316.22397
316.22363
316.22348
316.22319
316.22305
316.22276
316.22259
316.22229
316.22208
316.22174
316.22149
316.22113
316.22085
316.22049
316.22019
316.21984
316.21956
316.21925
316.21899
316.21873
316.21852
316.21831
316.21815
316.218
316.21788
316.21778
316.2177
316.21763
316.21759
316.21755
316.21752
316.2175
316.21749
316.21747
316.21747
316.21746
316.21746
316.21745
316.21746
316.21745
)
;

boundaryField
{
    inlet
    {
        type            fixedValue;
        value           uniform 316.5;
    }
    outlet
    {
        type            zeroGradient;
    }
    wall_membrane
    {
        type            groovyBC;
        refValue        nonuniform List<scalar> 
50
(
311.41469
311.39736
311.38002
311.36269
311.34535
311.32802
311.31068
311.29335
311.27602
311.25868
311.24135
311.22401
311.20668
311.18934
311.17201
311.15467
311.13734
311.12
311.10267
311.08533
311.068
311.05066
311.03333
311.01599
310.99866
310.98132
310.96399
310.94665
310.92932
310.91198
310.89465
310.87731
310.85998
310.84264
310.82531
310.80797
310.79064
310.7733
310.75597
310.73863
310.7213
310.70396
310.68663
310.6693
310.65196
310.63463
310.61729
310.59996
310.58262
310.56529
)
;
        refGradient     uniform 0;
        valueFraction   uniform 1;
        source          uniform 0;
        value           nonuniform List<scalar> 
50
(
311.41469
311.39736
311.38002
311.36269
311.34535
311.32802
311.31068
311.29335
311.27602
311.25868
311.24135
311.22401
311.20668
311.18934
311.17201
311.15467
311.13734
311.12
311.10267
311.08533
311.068
311.05066
311.03333
311.01599
310.99866
310.98132
310.96399
310.94665
310.92932
310.91198
310.89465
310.87731
310.85998
310.84264
310.82531
310.80797
310.79064
310.7733
310.75597
310.73863
310.7213
310.70396
310.68663
310.6693
310.65196
310.63463
310.61729
310.59996
310.58262
310.56529
)
;
        valueExpression "Tm";
        gradientExpression "0";
        fractionExpression "1";
        evaluateDuringConstruction 0;
        cyclicSlave     0;
        variables       
12
(
"T_a=316.5;"
"L=0.15;"
"Tp_in=297.3;"
"Tp_out=300.1;"
"T_p=Tp_out-(Tp_out-Tp_in)/L*pos().x;"
"delta_mem=0.0001;"
"lambda_mem=0.053;"
"lambda_alim=0.634;"
"delta_alim=0.001;"
"h_agua=613;"
"h_ef=(lambda_alim/delta_alim)*(1/h_agua+delta_mem/lambda_mem);"
"Tm=((Tp_out-(Tp_out-Tp_in)/L*pos().x)+h_ef*T_a)/(1+h_ef);"
)
;
        timelines       (
);
        lookuptables    (
);
        lookuptables2D  (
);
    }
    wall_up
    {
        type            groovyBC;
        refValue        uniform 316.2152;
        refGradient     uniform 0;
        valueFraction   uniform 1;
        source          uniform 0;
        value           uniform 316.2152;
        valueExpression "T_m";
        gradientExpression "0";
        fractionExpression "1";
        evaluateDuringConstruction 0;
        cyclicSlave     0;
        variables       
10
(
"T_a=316.5;"
"Text=298;"
"L=0.15;"
"delta_ext=0.0132;"
"lambda_ext=15;"
"lambda_alim=0.634;"
"delta_alim=0.001;"
"h_ext=10;"
"h_ef=lambda_alim/delta_alim*(1/h_ext+delta_ext/lambda_ext);"
"T_m=(Text+h_ef*T_a)/(1+h_ef);"
)
;
        timelines       (
);
        lookuptables    (
);
        lookuptables2D  (
);
    }
    sides
    {
        type            empty;
    }
}


// ************************************************************************* //
