/*--------------------------------*- C++ -*----------------------------------*\
| =========                 |                                                 |
| \\      /  F ield         | OpenFOAM: The Open Source CFD Toolbox           |
|  \\    /   O peration     | Version:  2312                                  |
|   \\  /    A nd           | Website:  www.openfoam.com                      |
|    \\/     M anipulation  |                                                 |
\*---------------------------------------------------------------------------*/
FoamFile
{
    version     2.0;
    format      ascii;
    arch        "LSB;label=32;scalar=64";
    class       volScalarField;
    location    "8";
    object      T;
}
// * * * * * * * * * * * * * * * * * * * * * * * * * * * * * * * * * * * * * //

dimensions      [0 0 0 1 0 0 0];

internalField   nonuniform List<scalar> 
4000
(
310.87581
312.1895
312.44456
312.5124
312.59164
312.64352
312.69354
312.73689
312.77878
312.81687
312.8551
312.8905
312.92646
312.96031
312.99469
313.02754
313.06074
313.0929
313.12521
313.15688
313.18847
313.21977
313.25078
313.28181
313.31234
313.34317
313.37328
313.40395
313.43372
313.46427
313.49372
313.52419
313.55336
313.58377
313.61269
313.64306
313.67174
313.70211
313.73055
313.76093
313.78914
313.81957
313.84754
313.87805
313.90575
313.93641
313.96378
313.9947
314.02151
314.05348
308.63836
310.76124
311.45908
311.60694
311.78755
311.88672
311.98015
312.05373
312.12283
312.18061
312.23875
312.28847
312.33982
312.38488
312.43148
312.47354
312.51664
312.55663
312.59703
312.63554
312.67379
312.71121
312.74773
312.78433
312.8194
312.85538
312.88922
312.92474
312.95752
312.99268
313.02453
313.05943
313.09044
313.12518
313.15541
313.19005
313.21956
313.25417
313.28298
313.31764
313.34576
313.38055
313.40795
313.44299
313.46959
313.50505
313.53064
313.56693
313.59083
313.63013
307.25733
309.38742
310.48171
310.70769
310.98701
311.13291
311.26908
311.37272
311.46871
311.54615
311.62397
311.68801
311.75458
311.81087
311.86957
311.92088
311.97375
312.02161
312.07
312.11539
312.16023
312.20379
312.24575
312.28795
312.32751
312.36867
312.40619
312.44657
312.48233
312.52212
312.55632
312.59569
312.62849
312.66757
312.6991
312.73801
312.76833
312.8072
312.83636
312.8753
312.90331
312.94248
312.96929
313.00887
313.03434
313.07463
313.09844
313.14008
313.1611
313.20738
306.34318
308.11539
309.52665
309.82331
310.19543
310.3862
310.56355
310.69664
310.81872
310.91559
311.01259
311.09087
311.1723
311.23979
311.31031
311.37085
311.43328
311.48902
311.54524
311.59751
311.6488
311.69853
311.74581
311.79362
311.83757
311.88393
311.92505
311.97031
312.00897
312.05341
312.08991
312.13374
312.1683
312.21173
312.2445
312.2877
312.31879
312.36192
312.3914
312.43464
312.46251
312.50605
312.53225
312.57637
312.60071
312.6458
312.66783
312.71478
312.73302
312.7858
305.71021
306.98675
308.61246
308.96547
309.42029
309.65222
309.86792
310.02915
310.17595
310.29172
310.40704
310.49928
310.59497
310.67352
310.75541
310.82511
310.89675
310.96033
311.02409
311.08324
311.14075
311.19664
311.24905
311.30248
311.35066
311.40222
311.4468
311.49695
311.5384
311.58749
311.62619
311.67451
311.71073
311.75852
311.79246
311.83995
311.87175
311.91915
311.94889
311.99642
312.02411
312.07203
312.09758
312.14622
312.16941
312.21928
312.23955
312.29174
312.30732
312.36604
305.25792
306.0271
307.75834
308.14781
308.67056
308.93784
309.18762
309.37477
309.54422
309.67791
309.81028
309.91596
310.02502
310.11432
310.20692
310.2856
310.36595
310.43724
310.50815
310.5741
310.6375
310.6995
310.75678
310.8158
310.86799
310.92473
310.97258
311.02761
311.07169
311.12542
311.16618
311.21897
311.25674
311.30888
311.3439
311.39566
311.4281
311.47974
311.50969
311.56148
311.58895
311.6412
311.66609
311.7192
311.74124
311.79582
311.81436
311.87164
311.8848
311.94884
304.9275
305.24847
306.98172
307.38452
307.95598
308.2507
308.52879
308.73863
308.9279
309.07802
309.2257
309.34399
309.46522
309.56476
309.6672
309.75451
309.8429
309.92169
309.99921
310.0718
310.14068
310.20867
310.27048
310.33499
310.3909
310.45276
310.50364
310.56349
310.61001
310.66833
310.71099
310.7682
310.80738
310.86382
310.8998
310.9558
310.98877
311.04462
311.07469
311.13071
311.15789
311.21443
311.23861
311.29613
311.31702
311.3762
311.39308
311.45525
311.46625
311.53502
304.6817
304.64781
306.29525
306.68861
307.28614
307.59874
307.89795
308.12624
308.33176
308.49623
308.65703
308.78672
308.91862
309.02763
309.13881
309.23425
309.32983
309.41575
309.49924
309.57821
309.65203
309.72582
309.79173
309.86158
309.92086
309.98772
310.04134
310.1059
310.15461
310.21743
310.26178
310.32334
310.36375
310.42443
310.46123
310.52139
310.55478
310.61476
310.64487
310.70503
310.73187
310.7926
310.81605
310.87786
310.89761
310.96123
310.97656
311.04333
311.0525
311.1254
304.49527
304.21011
305.70596
306.07025
306.66953
306.98957
307.30161
307.54319
307.7607
307.9369
308.10816
308.2477
308.38843
308.50592
308.62449
308.72736
308.82913
308.92168
309.01033
309.09531
309.17344
309.25274
309.32223
309.3972
309.45943
309.53108
309.5871
309.65621
309.70682
309.77401
309.81981
309.88558
309.92704
309.99183
310.02929
310.09349
310.12718
310.19117
310.22123
310.2854
310.31184
310.37662
310.39933
310.46526
310.48391
310.55176
310.56565
310.63669
310.64435
310.72086
304.35054
303.91182
305.21468
305.53532
306.11287
306.42984
306.74578
306.99483
307.21954
307.40433
307.58301
307.73048
307.87794
308.00262
308.12704
308.23645
308.34322
308.44174
308.53465
308.62513
308.70685
308.79126
308.86375
308.9435
309.00821
309.08439
309.14242
309.21585
309.26803
309.33938
309.38636
309.45617
309.49845
309.56718
309.60512
309.6732
309.70705
309.77489
309.80479
309.87281
309.89878
309.96744
309.98938
310.05923
310.07683
310.14864
310.16125
310.23617
310.24263
310.32227
304.23523
303.72512
304.81682
305.08498
305.62062
305.92477
306.23554
306.48591
306.7127
306.90258
307.08533
307.23852
307.39035
307.52071
307.64925
307.76411
307.87458
307.97826
308.07439
308.16974
308.25423
308.34325
308.41807
308.50221
308.56884
308.64922
308.70879
308.78626
308.83964
308.91489
308.96276
309.03636
309.07921
309.15167
309.18989
309.26164
309.29549
309.36698
309.39661
309.46827
309.49371
309.56601
309.58718
309.66069
309.67729
309.75274
309.76422
309.84261
309.84816
309.93049
304.14034
303.62083
304.50332
304.71602
305.19467
305.47767
305.77473
306.02029
306.24399
306.4352
306.6185
306.77497
306.92865
307.063
307.19378
307.31284
307.42556
307.53345
307.63168
307.73116
307.81751
307.91054
307.98697
308.075
308.14296
308.22711
308.28775
308.36888
308.42307
308.50189
308.5503
308.62741
308.67057
308.74647
308.78476
308.85993
308.89362
308.96849
308.99774
309.07277
309.09763
309.1733
309.19368
309.27054
309.28621
309.36494
309.37546
309.45688
309.46176
309.54639
304.06
303.57241
304.26236
304.42175
304.83425
305.08968
305.36559
305.60066
305.8163
306.00508
306.18538
306.34257
306.4955
306.632
306.76305
306.88494
306.99839
307.10943
307.20855
307.31131
307.39856
307.49492
307.57215
307.6635
307.73216
307.81958
307.88075
307.96512
308.01968
308.10169
308.1503
308.23056
308.27374
308.35277
308.3909
308.46916
308.50252
308.58047
308.60923
308.68732
308.71153
308.79023
308.80984
308.88969
308.90451
308.98611
308.99582
309.07982
309.08423
309.17079
303.98993
303.55735
304.08098
304.19306
304.53605
304.75975
305.00868
305.22839
305.43151
305.61426
305.78817
305.94351
306.0931
306.22984
306.35918
306.48244
306.59504
306.70809
306.80684
306.91196
306.9991
307.09801
307.17524
307.26925
307.33792
307.42807
307.48922
307.57633
307.6308
307.71557
307.76399
307.84701
307.8899
307.97167
308.00941
308.09041
308.12326
308.20394
308.23208
308.31288
308.33637
308.41775
308.43658
308.51903
308.53306
308.61711
308.62615
308.71227
308.71636
308.8045
303.92759
303.55897
303.94642
304.01947
304.29465
304.48482
304.70289
304.90344
305.0903
305.26383
305.42825
305.57929
305.7231
305.85818
305.98386
306.10698
306.2172
306.33103
306.42818
306.53466
306.62067
306.7213
306.79769
306.89365
306.96164
307.05389
307.11445
307.20376
307.25767
307.3447
307.39256
307.47787
307.52016
307.60426
307.64135
307.72469
307.75685
307.83986
307.86726
307.95037
307.97309
308.05674
308.07478
308.15942
308.17271
308.25877
308.26725
308.35505
308.35892
308.44831
303.87113
303.56574
303.8471
303.89025
304.10315
304.26019
304.44554
304.62441
304.7922
304.95387
305.10615
305.25069
305.38649
305.5181
305.6383
305.75983
305.86617
305.97957
306.07388
306.1807
306.26456
306.36605
306.44075
306.53792
306.60454
306.69823
306.75762
306.84855
306.90141
306.99017
307.03706
307.12419
307.16557
307.25152
307.28773
307.37296
307.40424
307.48915
307.51568
307.60068
307.62255
307.70803
307.72528
307.81165
307.82427
307.91187
307.91988
308.00891
308.01263
308.10292
303.81959
303.57112
303.77318
303.79521
303.95386
304.08001
304.23269
304.38869
304.53561
304.68345
304.82153
304.9577
305.0836
305.21012
305.32321
305.44173
305.54282
305.6546
305.74492
305.85106
305.93181
306.03326
306.10548
306.20307
306.26764
306.36209
306.41974
306.51165
306.563
306.65292
306.69847
306.78687
306.82702
306.91435
306.94941
307.03606
307.06628
307.15263
307.17817
307.26459
307.28555
307.37241
307.38886
307.47649
307.48846
307.57715
307.58475
307.67459
307.67818
307.76904
303.77224
303.5719
303.71686
303.7254
303.839
303.9378
304.0595
304.19269
304.31798
304.45078
304.57323
304.69959
304.81408
304.93413
305.03871
305.15297
305.24759
305.35664
305.44191
305.54639
305.62313
305.72368
305.79264
305.88988
305.95175
306.04625
306.10162
306.19388
306.24326
306.33375
306.37758
306.46671
306.50533
306.5935
306.62719
306.71475
306.74373
306.83103
306.85546
306.94283
306.96281
307.05057
307.0662
307.15462
307.16597
307.25527
307.26251
307.35273
307.3562
307.44727
303.72864
303.56742
303.67226
303.67341
303.75125
303.827
303.92056
304.03209
304.13596
304.25327
304.35934
304.47492
304.57693
304.68941
304.7844
304.89333
304.98045
305.08576
305.16509
305.26698
305.3389
305.43772
305.50273
305.59886
305.65743
305.75129
305.80387
305.89584
305.94283
306.03329
306.07504
306.16435
306.20114
306.28962
306.32171
306.40967
306.43724
306.52499
306.54819
306.63602
306.65495
306.74312
306.7579
306.84664
306.85738
306.94683
306.95371
307.04391
307.04726
307.13817
303.68846
303.55826
303.63525
303.63348
303.68407
303.74133
303.81038
303.90223
303.98571
304.08777
304.17734
304.28166
304.3706
304.47473
304.55936
304.6621
304.74094
304.84166
304.91428
305.01276
305.0792
305.1755
305.23595
305.33026
305.385
305.47755
305.52687
305.61793
305.66213
305.75198
305.79132
305.88024
305.91495
306.0032
306.03347
306.12132
306.14732
306.23502
306.25687
306.34466
306.36248
306.45058
306.46448
306.55306
306.56317
306.65235
306.65887
306.74863
306.75184
306.84224
303.6514
303.54562
303.60311
303.6014
303.63202
303.67515
303.72365
303.79834
303.8631
303.95073
304.02428
304.1173
304.19303
304.28837
304.36222
304.45814
304.52817
304.62359
304.68896
304.78333
304.84373
304.93683
304.99222
305.08404
305.1345
305.22511
305.27079
305.36033
305.40141
305.49006
305.52671
305.61469
305.64707
305.73456
305.76283
305.85005
305.87433
305.96148
305.98189
306.06915
306.08579
306.17334
306.18633
306.27429
306.28376
306.37222
306.37836
306.46731
306.47035
306.55986
303.61723
303.53077
303.57418
303.57426
303.59075
303.62364
303.6555
303.71582
303.76397
303.83846
303.89694
303.97903
304.04181
304.12825
304.19121
304.27995
304.34087
304.43049
304.48823
304.57793
304.6319
304.72122
304.77117
304.8599
304.90573
304.99382
305.03553
305.123
305.16066
305.24759
305.2813
305.3678
305.39766
305.48389
305.50998
305.59608
305.61852
305.70463
305.7235
305.80976
305.82516
305.9117
305.92373
306.01064
306.01944
306.10677
306.11251
306.20025
306.20311
306.29137
303.58565
303.5147
303.5475
303.55019
303.55698
303.58288
303.60171
303.65047
303.68433
303.74725
303.79198
303.86384
303.9143
303.992
304.0443
304.12569
304.17748
304.26098
304.31093
304.39552
304.44285
304.5279
304.57215
304.6573
304.69824
304.7833
304.8208
304.90568
304.93971
305.02441
305.05498
305.13953
305.16669
305.25117
305.27496
305.35946
305.37995
305.46456
305.48181
305.56662
305.58072
305.66582
305.67686
305.76229
305.7704
305.8562
305.86151
305.94768
305.95034
306.03698
303.55647
303.49824
303.52258
303.52809
303.52836
303.54982
303.55878
303.59858
303.62051
303.67358
303.7061
303.76868
303.80773
303.87712
303.91922
303.99335
304.0362
304.11344
304.15562
304.23483
304.27543
304.35586
304.39429
304.47545
304.51134
304.59294
304.62607
304.70792
304.73817
304.82018
304.84748
304.92963
304.95397
305.03626
305.05764
305.1401
305.15856
305.24124
305.25681
305.33975
305.3525
305.43575
305.44576
305.52933
305.53671
305.62061
305.62547
305.70971
305.71215
305.79684
303.52943
303.48186
303.49922
303.50736
303.50329
303.52219
303.52387
303.55702
303.56928
303.61422
303.63622
303.6906
303.71935
303.78104
303.81362
303.88075
303.91506
303.98606
304.02068
304.09437
304.12832
304.20389
304.23649
304.31336
304.34416
304.42195
304.45064
304.52909
304.55547
304.63441
304.65835
304.7377
304.75914
304.83884
304.85775
304.93777
304.95414
305.0345
305.04834
305.12903
305.1404
305.22141
305.23037
305.31171
305.31833
305.4
305.40437
305.48637
305.48857
305.57098
303.50433
303.46588
303.47729
303.48771
303.48074
303.49839
303.49485
303.52325
303.52789
303.56634
303.57948
303.62683
303.64651
303.70122
303.72515
303.78568
303.81202
303.87694
303.90435
303.97253
304.00004
304.07062
304.09751
304.16989
304.19564
304.26937
304.29362
304.36837
304.39086
304.46641
304.48697
304.56318
304.5817
304.65845
304.67485
304.75209
304.76635
304.84402
304.85613
304.9342
304.94417
305.02262
305.03049
305.10929
305.11514
305.19426
305.19813
305.27757
305.27952
305.35936
303.48098
303.45043
303.45676
303.46905
303.4601
303.47731
303.47011
303.49529
303.49407
303.5275
303.53337
303.57483
303.58672
303.63527
303.6515
303.70595
303.725
303.78413
303.80482
303.8676
303.88899
303.95458
303.97598
304.04376
304.06461
304.13409
304.154
304.22483
304.24349
304.31539
304.3326
304.40538
304.42099
304.49451
304.50841
304.58256
304.59471
304.6694
304.67975
304.75492
304.76348
304.83907
304.84585
304.92181
304.92687
305.00316
305.00652
305.08314
305.08483
305.16183
303.45923
303.43558
303.43759
303.45134
303.441
303.45826
303.44855
303.47163
303.46605
303.49568
303.49576
303.53239
303.53776
303.58097
303.59049
303.63945
303.65198
303.70571
303.72025
303.77783
303.79354
303.85422
303.87043
303.93359
303.94977
304.01492
304.03064
304.0974
304.11235
304.18041
304.19435
304.2635
304.27625
304.3463
304.35776
304.42857
304.43863
304.51008
304.51871
304.59071
304.59787
304.67034
304.67605
304.74892
304.75319
304.82642
304.82925
304.90281
304.90424
304.97816
303.43892
303.42136
303.41972
303.43461
303.42324
303.44079
303.42938
303.45118
303.44242
303.46928
303.46485
303.49762
303.49764
303.53631
303.54015
303.58422
303.59105
303.6398
303.64884
303.70152
303.71204
303.76797
303.77938
303.83799
303.84978
303.91058
303.92235
303.98496
303.99637
304.06048
304.07128
304.13664
304.14664
304.21304
304.22211
304.28939
304.29743
304.36545
304.37238
304.44101
304.4468
304.51596
304.52059
304.59018
304.59365
304.66362
304.66593
304.73623
304.7374
304.80803
303.41994
303.40774
303.4031
303.41887
303.40673
303.42465
303.41212
303.43316
303.42217
303.44704
303.4392
303.46893
303.46469
303.49956
303.49868
303.53848
303.54043
303.58468
303.58888
303.63699
303.64289
303.69428
303.70133
303.75551
303.76327
303.81978
303.82786
303.88632
303.89441
303.95451
303.96234
304.02382
304.03121
304.09384
304.10064
304.16425
304.17035
304.23477
304.24008
304.30518
304.30965
304.37532
304.37891
304.44505
304.44776
304.51429
304.5161
304.58297
304.58388
304.65106
303.40219
303.39474
303.38768
303.40412
303.39142
303.40969
303.39643
303.41706
303.40455
303.42801
303.41767
303.44503
303.4375
303.46922
303.46452
303.50063
303.4985
303.53872
303.53879
303.58269
303.58452
303.63166
303.63483
303.68476
303.68887
303.7412
303.74592
303.80028
303.8053
303.86139
303.86647
303.92403
303.92897
303.98778
303.99244
304.05229
304.05655
304.11728
304.12104
304.18251
304.18571
304.24777
304.25037
304.31294
304.31491
304.37788
304.3792
304.44252
304.44318
304.5068
303.38559
303.38235
303.37341
303.39037
303.37727
303.39585
303.38214
303.40253
303.38903
303.41149
303.39939
303.42491
303.41491
303.44405
303.43634
303.46929
303.46383
303.50048
303.49708
303.53717
303.53552
303.57869
303.57847
303.62438
303.62526
303.67356
303.67526
303.72562
303.72786
303.78
303.78256
303.83622
303.83891
303.89387
303.89655
303.95261
303.95516
304.01215
304.01446
304.07222
304.07423
304.13262
304.13428
304.19319
304.19446
304.2538
304.25465
304.31433
304.31477
304.37473
303.37007
303.37059
303.36026
303.37763
303.36429
303.38309
303.36913
303.38935
303.37526
303.39698
303.38371
303.40778
303.39599
303.42301
303.41302
303.44327
303.43518
303.4687
303.46246
303.4991
303.49454
303.53406
303.53095
303.57308
303.57116
303.61562
303.61467
303.66117
303.66094
303.70922
303.70952
303.75934
303.75999
303.81114
303.81202
303.8643
303.86527
303.91851
303.91949
303.97352
303.97443
304.02912
304.02989
304.08512
304.08573
304.14139
304.14181
304.1978
304.19802
304.25428
303.3556
303.35949
303.34822
303.36591
303.35247
303.3714
303.35734
303.37739
303.363
303.38413
303.37012
303.39305
303.38003
303.4053
303.39364
303.4216
303.41149
303.44226
303.43378
303.46733
303.46039
303.49657
303.49105
303.52967
303.52538
303.56622
303.56298
303.60579
303.60341
303.64796
303.64627
303.69235
303.6912
303.7386
303.73786
303.78641
303.78597
303.83548
303.83525
303.88558
303.88548
303.93647
303.93645
303.98799
303.988
304.03997
304.03998
304.09229
304.0923
304.14485
303.34217
303.34914
303.33731
303.35524
303.34181
303.36077
303.34672
303.36656
303.35207
303.3727
303.3583
303.38027
303.36647
303.39027
303.37745
303.40344
303.39186
303.42023
303.41002
303.44082
303.43201
303.46516
303.45767
303.49306
303.4868
303.52425
303.51909
303.55841
303.55419
303.59518
303.59177
303.63425
303.63152
303.67529
303.67313
303.71803
303.71634
303.7622
303.76089
303.80756
303.80656
303.8539
303.85316
303.90104
303.90051
303.94882
303.94847
303.99711
303.99694
304.04581
303.32986
303.33961
303.32756
303.34564
303.33233
303.35121
303.33726
303.35682
303.34239
303.36251
303.34797
303.3691
303.35488
303.37742
303.36387
303.38816
303.37555
303.40182
303.39036
303.4187
303.40845
303.43886
303.42985
303.46226
303.45442
303.48872
303.48199
303.51803
303.51228
303.5499
303.54504
303.58406
303.57999
303.62026
303.61688
303.65825
303.65547
303.69778
303.69553
303.73864
303.73685
303.78061
303.77923
303.82352
303.82251
303.86723
303.86656
303.91159
303.91125
303.9565
303.31882
303.33107
303.31903
303.33714
303.32401
303.3427
303.32892
303.34812
303.33385
303.35346
303.33896
303.35931
303.34494
303.36637
303.35241
303.37521
303.36197
303.38638
303.37406
303.4002
303.38894
303.41686
303.4067
303.43639
303.42734
303.45873
303.45075
303.48372
303.47675
303.51118
303.50514
303.54089
303.5357
303.57264
303.56823
303.60621
303.60251
303.64139
303.63834
303.67799
303.67552
303.71581
303.71388
303.75468
303.75325
303.79446
303.79351
303.83502
303.83455
303.87625
303.30934
303.32364
303.31176
303.32977
303.31686
303.33525
303.32168
303.34044
303.32639
303.34545
303.33113
303.35073
303.3364
303.35681
303.34272
303.36419
303.35061
303.37337
303.36053
303.38471
303.37276
303.39845
303.38748
303.41469
303.40475
303.43345
303.42453
303.45466
303.44673
303.47819
303.47121
303.50388
303.49779
303.53156
303.52632
303.56106
303.55661
303.59221
303.5885
303.62482
303.62179
303.65873
303.65634
303.69377
303.69199
303.72981
303.72862
303.76672
303.76613
303.80441
303.30176
303.31749
303.30578
303.32353
303.31085
303.32881
303.31549
303.33372
303.31995
303.3384
303.32435
303.3432
303.32907
303.34852
303.3345
303.35476
303.3411
303.36236
303.34928
303.3717
303.35936
303.38302
303.37154
303.3965
303.38594
303.41219
303.4026
303.4301
303.42147
303.45015
303.44246
303.47224
303.46547
303.49625
303.49036
303.52205
303.517
303.54948
303.54523
303.57839
303.5749
303.60863
303.60586
303.64006
303.638
303.67256
303.67118
303.706
303.70531
303.7403
303.2963
303.31267
303.30108
303.31839
303.30592
303.32336
303.3103
303.32792
303.31448
303.33226
303.31855
303.33664
303.3228
303.34133
303.32754
303.34667
303.33312
303.35302
303.33992
303.36073
303.34825
303.37007
303.35832
303.38122
303.37031
303.39431
303.38429
303.40937
303.40026
303.42638
303.41819
303.44528
303.438
303.46599
303.45962
303.48843
303.48292
303.51246
303.5078
303.53796
303.53411
303.56481
303.56175
303.59287
303.59058
303.62204
303.62051
303.6522
303.65144
303.68328
303.29298
303.30918
303.29759
303.31428
303.30201
303.31881
303.30604
303.32298
303.30988
303.32696
303.31363
303.33093
303.31747
303.3351
303.32164
303.33971
303.32641
303.34505
303.33211
303.35146
303.33902
303.35917
303.34737
303.36839
303.35733
303.37927
303.36903
303.39188
303.3825
303.40624
303.39775
303.42234
303.41473
303.44012
303.43341
303.45953
303.45371
303.48048
303.47553
303.50287
303.49876
303.52659
303.52331
303.55153
303.54907
303.57759
303.57594
303.60468
303.60385
303.63272
303.29144
303.30685
303.29517
303.31111
303.29902
303.31511
303.30263
303.31883
303.3061
303.32242
303.30951
303.326
303.31298
303.32971
303.31666
303.33371
303.32078
303.33825
303.32559
303.34359
303.33135
303.34997
303.33828
303.35759
303.34656
303.36661
303.35632
303.37713
303.36765
303.38921
303.38056
303.40285
303.39507
303.41805
303.41114
303.43476
303.42874
303.45293
303.44779
303.47249
303.46821
303.49335
303.48992
303.51541
303.51283
303.53859
303.53687
303.56282
303.56195
303.58801
303.29116
303.30544
303.29365
303.30875
303.29684
303.31215
303.29997
303.3154
303.30305
303.31859
303.30611
303.32178
303.30922
303.32507
303.31249
303.32855
303.31606
303.33241
303.32015
303.33689
303.32497
303.34218
303.33073
303.34847
303.33761
303.35594
303.34575
303.36469
303.35524
303.3748
303.36614
303.38631
303.37847
303.39923
303.39225
303.41355
303.40744
303.42924
303.424
303.44625
303.44188
303.4645
303.461
303.48393
303.48129
303.50446
303.5027
303.52604
303.52515
303.54859
303.29155
303.30468
303.29284
303.30706
303.29534
303.30983
303.29798
303.3126
303.30065
303.31538
303.30335
303.31819
303.30612
303.32108
303.30901
303.32411
303.31211
303.32741
303.3156
303.33117
303.31966
303.33555
303.32446
303.34075
303.33017
303.34691
303.33694
303.35417
303.34487
303.3626
303.35404
303.37226
303.36449
303.38319
303.37624
303.39541
303.3893
303.40889
303.40364
303.42361
303.41922
303.43952
303.43599
303.45655
303.45389
303.47466
303.47288
303.4938
303.4929
303.5139
303.29219
303.30433
303.29254
303.30588
303.29439
303.30806
303.29654
303.31035
303.29881
303.31272
303.30116
303.31516
303.30359
303.31768
303.30613
303.32029
303.30882
303.32311
303.31181
303.32626
303.31522
303.3299
303.31922
303.33418
303.32397
303.33926
303.32959
303.34525
303.3362
303.35225
303.34389
303.36032
303.3527
303.36953
303.36269
303.3799
303.37387
303.39143
303.38623
303.40411
303.39975
303.41791
303.4144
303.43278
303.43013
303.44869
303.44691
303.46559
303.4647
303.48344
303.29283
303.30419
303.29257
303.30509
303.29387
303.30672
303.29557
303.30856
303.29745
303.31054
303.29945
303.31262
303.30156
303.31478
303.30376
303.31702
303.30609
303.31941
303.30864
303.32205
303.31151
303.32506
303.31485
303.32857
303.31878
303.33273
303.32344
303.33766
303.32893
303.34344
303.33535
303.35016
303.34276
303.35787
303.35121
303.36663
303.36074
303.37645
303.37135
303.38732
303.38304
303.39923
303.39578
303.41216
303.40955
303.42607
303.42432
303.44094
303.44006
303.45674
303.29339
303.30414
303.29282
303.30456
303.29367
303.30572
303.29496
303.30715
303.29648
303.30876
303.29816
303.3105
303.29995
303.31232
303.30184
303.31421
303.30383
303.31621
303.30599
303.3184
303.3084
303.32088
303.31117
303.32375
303.31442
303.32714
303.31826
303.33116
303.32281
303.33591
303.32815
303.34147
303.33435
303.3479
303.34147
303.35526
303.34956
303.36357
303.35863
303.37285
303.3687
303.38309
303.37974
303.39428
303.39174
303.4064
303.4047
303.41943
303.41857
303.43335
303.29386
303.30412
303.29319
303.30421
303.29369
303.30498
303.29463
303.30605
303.29583
303.30732
303.2972
303.30873
303.29869
303.31023
303.30028
303.31179
303.30196
303.31345
303.30377
303.31524
303.30577
303.31725
303.30806
303.31957
303.31072
303.32231
303.31388
303.32557
303.31763
303.32945
303.32204
303.33401
303.32721
303.33934
303.33318
303.34548
303.34002
303.35248
303.34774
303.36036
303.35637
303.36912
303.3659
303.37877
303.37632
303.38928
303.38764
303.40066
303.39983
303.41289
303.29425
303.30408
303.2936
303.30397
303.29386
303.30443
303.29452
303.30519
303.29543
303.30616
303.29651
303.30726
303.29772
303.30845
303.29902
303.30971
303.3004
303.31103
303.30189
303.31247
303.30353
303.31407
303.3054
303.31592
303.30757
303.31811
303.31014
303.32072
303.3132
303.32385
303.31683
303.32757
303.32111
303.33194
303.32609
303.33704
303.33184
303.34291
303.33838
303.34956
303.34575
303.35702
303.35394
303.3653
303.36296
303.37438
303.37281
303.38428
303.38348
303.39498
303.29457
303.30402
303.29402
303.30378
303.29412
303.30401
303.29455
303.30452
303.29521
303.30521
303.29603
303.30603
303.29698
303.30693
303.29801
303.30789
303.2991
303.30891
303.30029
303.31002
303.3016
303.31126
303.30309
303.31269
303.30483
303.3144
303.3069
303.31647
303.30938
303.31896
303.31234
303.32195
303.31585
303.32552
303.31999
303.32972
303.32479
303.3346
303.33031
303.34019
303.33657
303.34651
303.34358
303.35357
303.35135
303.36139
303.35989
303.36996
303.36921
303.37929
303.29484
303.30392
303.29443
303.30362
303.29442
303.30368
303.29467
303.30397
303.29512
303.30442
303.29571
303.30498
303.2964
303.30561
303.29717
303.30629
303.298
303.30702
303.2989
303.30782
303.29991
303.30873
303.30106
303.3098
303.30242
303.3111
303.30406
303.31269
303.30603
303.31464
303.30842
303.31702
303.31128
303.31989
303.31468
303.32331
303.31868
303.32734
303.3233
303.33201
303.32859
303.33733
303.33457
303.34333
303.34124
303.35003
303.34862
303.35743
303.35672
303.36554
303.29507
303.3038
303.2948
303.30346
303.29473
303.30339
303.29485
303.30351
303.29512
303.30375
303.29549
303.30406
303.29594
303.30443
303.29645
303.30484
303.29702
303.3053
303.29766
303.30582
303.29838
303.30643
303.29923
303.30717
303.30026
303.3081
303.30151
303.30928
303.30306
303.31077
303.30495
303.31262
303.30725
303.3149
303.31002
303.31767
303.31332
303.32096
303.31717
303.32482
303.32162
303.32928
303.32669
303.33436
303.33239
303.34007
303.33874
303.34643
303.34576
303.35345
303.29524
303.30364
303.29513
303.30328
303.29503
303.30313
303.29505
303.3031
303.29516
303.30315
303.29533
303.30323
303.29555
303.30335
303.29581
303.3035
303.29613
303.30369
303.29651
303.30395
303.29697
303.30428
303.29754
303.30473
303.29826
303.30535
303.29918
303.30617
303.30035
303.30726
303.30182
303.30866
303.30365
303.31043
303.30588
303.31263
303.30857
303.3153
303.31176
303.31847
303.31548
303.32218
303.31975
303.32644
303.3246
303.33129
303.33005
303.33673
303.33611
303.34279
303.29538
303.30345
303.29542
303.30309
303.29531
303.30287
303.29525
303.30272
303.29521
303.30258
303.29518
303.30244
303.29517
303.30232
303.2952
303.30222
303.29527
303.30216
303.2954
303.30216
303.29561
303.30224
303.29593
303.30243
303.29638
303.30276
303.29701
303.30327
303.29785
303.30402
303.29895
303.30503
303.30036
303.30637
303.30213
303.30809
303.30431
303.31021
303.30692
303.31279
303.31001
303.31585
303.31359
303.31941
303.3177
303.32351
303.32235
303.32815
303.32756
303.33335
303.29547
303.30324
303.29566
303.30288
303.29555
303.30261
303.29542
303.30233
303.29523
303.30201
303.295
303.30166
303.29477
303.3013
303.29456
303.30096
303.2944
303.30066
303.29429
303.30042
303.29427
303.30026
303.29435
303.30021
303.29456
303.30029
303.29492
303.30053
303.29548
303.30098
303.29627
303.30166
303.29732
303.30263
303.2987
303.30393
303.30042
303.3056
303.30254
303.30767
303.30508
303.31017
303.30807
303.31312
303.31153
303.31656
303.31549
303.3205
303.31996
303.32496
303.29552
303.303
303.29586
303.30264
303.29574
303.30232
303.29553
303.30191
303.29519
303.3014
303.29476
303.30083
303.2943
303.30024
303.29386
303.29966
303.29347
303.29913
303.29314
303.29868
303.2929
303.2983
303.29276
303.29803
303.29275
303.29788
303.29288
303.29789
303.29319
303.29808
303.2937
303.29848
303.29445
303.29914
303.29549
303.30008
303.29683
303.30136
303.29853
303.30299
303.3006
303.30501
303.30307
303.30744
303.30597
303.31031
303.30932
303.31364
303.31314
303.31744
303.29554
303.30275
303.29602
303.30239
303.29589
303.30199
303.29558
303.30144
303.29506
303.30073
303.29441
303.29993
303.29373
303.2991
303.29306
303.2983
303.29245
303.29756
303.29191
303.29689
303.29147
303.29631
303.29113
303.29584
303.29091
303.2955
303.29084
303.2953
303.29093
303.29526
303.2912
303.29543
303.2917
303.29582
303.29244
303.29647
303.29346
303.29741
303.29479
303.29867
303.29646
303.30028
303.29849
303.30226
303.3009
303.30464
303.30372
303.30744
303.30697
303.31067
303.29551
303.30248
303.29613
303.3021
303.29597
303.30161
303.29553
303.30087
303.2948
303.29994
303.29393
303.29891
303.29302
303.29786
303.29213
303.29684
303.2913
303.29589
303.29057
303.29503
303.28993
303.29427
303.28941
303.29362
303.28902
303.2931
303.28876
303.29272
303.28866
303.2925
303.28873
303.29246
303.289
303.29262
303.2895
303.29302
303.29024
303.29368
303.29127
303.29463
303.29259
303.29589
303.29424
303.29749
303.29623
303.29944
303.2986
303.30178
303.30136
303.30452
303.29545
303.30221
303.29619
303.30179
303.29597
303.30115
303.29536
303.3002
303.2944
303.29902
303.29328
303.29775
303.29213
303.29647
303.29103
303.29524
303.29
303.2941
303.28908
303.29307
303.28827
303.29214
303.28759
303.29134
303.28704
303.29067
303.28663
303.29014
303.28636
303.28975
303.28626
303.28954
303.28634
303.28951
303.28662
303.2897
303.28714
303.29012
303.2879
303.29081
303.28893
303.29177
303.29025
303.29304
303.29189
303.29464
303.29386
303.29658
303.29619
303.29889
303.29534
303.30194
303.29621
303.30144
303.29588
303.30059
303.29504
303.29937
303.2938
303.29792
303.29243
303.2964
303.29104
303.2949
303.28973
303.29348
303.28852
303.29217
303.28743
303.29098
303.28647
303.28991
303.28564
303.28897
303.28495
303.28817
303.2844
303.28751
303.284
303.28699
303.28375
303.28663
303.28367
303.28645
303.28378
303.28646
303.28409
303.28669
303.28463
303.28715
303.28542
303.28786
303.28646
303.28886
303.28779
303.29014
303.28943
303.29175
303.29139
303.29369
303.2952
303.30169
303.29616
303.30103
303.29567
303.29989
303.29453
303.29835
303.29298
303.29661
303.29133
303.29485
303.28972
303.29314
303.28821
303.29153
303.28683
303.29007
303.28559
303.28874
303.28449
303.28755
303.28355
303.2865
303.28274
303.28559
303.28207
303.28481
303.28155
303.28418
303.28118
303.28371
303.28097
303.2834
303.28093
303.28327
303.28108
303.28333
303.28144
303.28361
303.28202
303.28412
303.28283
303.28488
303.2839
303.2859
303.28525
303.28722
303.28689
303.28884
303.29501
303.30145
303.29605
303.30055
303.2953
303.29902
303.2938
303.2971
303.2919
303.29506
303.28997
303.29305
303.28814
303.29114
303.28645
303.28938
303.28492
303.28778
303.28355
303.28633
303.28234
303.28504
303.28129
303.2839
303.28039
303.2829
303.27963
303.28204
303.27902
303.28133
303.27854
303.28076
303.27823
303.28034
303.27807
303.28009
303.27809
303.28003
303.27829
303.28016
303.27869
303.28049
303.27931
303.28106
303.28016
303.28186
303.28126
303.28293
303.28263
303.28429
303.29478
303.30125
303.29585
303.29995
303.29473
303.29793
303.29279
303.29558
303.29053
303.29323
303.28832
303.29099
303.28629
303.28891
303.28444
303.28701
303.28278
303.2853
303.28131
303.28376
303.28001
303.28239
303.27888
303.28118
303.2779
303.28011
303.27706
303.27919
303.27637
303.2784
303.27582
303.27776
303.27542
303.27726
303.27517
303.27693
303.27508
303.27675
303.27515
303.27676
303.27542
303.27696
303.27587
303.27736
303.27654
303.27798
303.27743
303.27885
303.27857
303.27997
303.29451
303.30109
303.29551
303.29918
303.2939
303.29655
303.29146
303.29376
303.28883
303.2911
303.28636
303.28864
303.28414
303.28641
303.28216
303.2844
303.2804
303.28261
303.27885
303.281
303.27748
303.27958
303.27629
303.27831
303.27526
303.2772
303.27437
303.27623
303.27362
303.2754
303.27302
303.27471
303.27255
303.27415
303.27222
303.27374
303.27204
303.27349
303.27202
303.2734
303.27217
303.27348
303.27249
303.27375
303.273
303.27423
303.27372
303.27492
303.27467
303.27584
303.29419
303.30097
303.29501
303.2982
303.29275
303.29485
303.28977
303.29159
303.28677
303.28864
303.28407
303.28601
303.2817
303.28366
303.27962
303.28157
303.27779
303.27971
303.27618
303.27807
303.27477
303.27661
303.27354
303.27531
303.27247
303.27418
303.27155
303.27318
303.27076
303.27232
303.27012
303.27159
303.2696
303.271
303.26922
303.27054
303.26898
303.27022
303.26888
303.27006
303.26893
303.27005
303.26914
303.27022
303.26953
303.27057
303.27011
303.27111
303.27088
303.27187
303.29382
303.30085
303.29426
303.29691
303.29122
303.29275
303.28768
303.28904
303.28434
303.28585
303.28145
303.28307
303.27897
303.28064
303.27681
303.2785
303.27493
303.27661
303.2733
303.27495
303.27187
303.27348
303.27062
303.27218
303.26953
303.27103
303.2686
303.27003
303.2678
303.26915
303.26712
303.26841
303.26658
303.26779
303.26616
303.2673
303.26587
303.26694
303.26571
303.26672
303.26569
303.26665
303.26582
303.26673
303.2661
303.26698
303.26656
303.26741
303.2672
303.26803
303.29339
303.30068
303.29318
303.29523
303.28924
303.29022
303.28516
303.2861
303.28153
303.28271
303.27849
303.27983
303.27594
303.27735
303.27375
303.2752
303.27186
303.27332
303.27022
303.27166
303.26879
303.2702
303.26755
303.26891
303.26646
303.26778
303.26553
303.26678
303.26472
303.26591
303.26404
303.26516
303.26348
303.26454
303.26304
303.26403
303.26272
303.26364
303.26251
303.26338
303.26244
303.26326
303.2625
303.26328
303.2627
303.26345
303.26306
303.26378
303.26359
303.26429
303.29288
303.30036
303.29168
303.29306
303.28675
303.28721
303.28218
303.28275
303.27833
303.27923
303.27521
303.2763
303.27263
303.27382
303.27044
303.27169
303.26857
303.26983
303.26695
303.26821
303.26555
303.26678
303.26433
303.26552
303.26327
303.26441
303.26234
303.26344
303.26155
303.26259
303.26088
303.26185
303.26031
303.26123
303.25986
303.26072
303.25952
303.26032
303.25929
303.26004
303.25918
303.25988
303.25919
303.25985
303.25933
303.25995
303.2596
303.26021
303.26003
303.26062
303.29228
303.29974
303.28965
303.29033
303.28372
303.28371
303.27875
303.279
303.27476
303.27541
303.27161
303.2725
303.26905
303.27006
303.26691
303.26797
303.26508
303.26617
303.26351
303.2646
303.26215
303.26323
303.26097
303.26202
303.25995
303.26095
303.25906
303.26001
303.25829
303.25919
303.25763
303.25848
303.25708
303.25787
303.25663
303.25737
303.25628
303.25697
303.25604
303.25668
303.2559
303.2565
303.25587
303.25643
303.25596
303.25649
303.25617
303.25668
303.25652
303.25702
303.29154
303.29863
303.28699
303.28696
303.28011
303.27969
303.27486
303.27485
303.27083
303.27129
303.26773
303.26844
303.26523
303.26608
303.26316
303.26408
303.26141
303.26236
303.25992
303.26087
303.25862
303.25956
303.2575
303.25841
303.25652
303.2574
303.25568
303.25651
303.25494
303.25573
303.25431
303.25505
303.25379
303.25447
303.25335
303.25399
303.25301
303.2536
303.25276
303.25331
303.2526
303.25311
303.25255
303.25302
303.2526
303.25305
303.25276
303.25319
303.25305
303.25346
303.29062
303.2968
303.28358
303.28288
303.27593
303.27518
303.27055
303.27034
303.26657
303.26687
303.26358
303.26414
303.2612
303.2619
303.25924
303.26002
303.25759
303.2584
303.25618
303.257
303.25497
303.25578
303.25392
303.25471
303.25301
303.25377
303.25221
303.25294
303.25153
303.25221
303.25094
303.25158
303.25044
303.25103
303.25002
303.25057
303.24969
303.2502
303.24945
303.24992
303.24929
303.24972
303.24922
303.24962
303.24924
303.24962
303.24937
303.24973
303.2496
303.24995
303.28943
303.294
303.27936
303.27808
303.27118
303.2702
303.26584
303.2655
303.26203
303.26221
303.2592
303.25965
303.25697
303.25756
303.25515
303.25582
303.25363
303.25433
303.25233
303.25304
303.25122
303.25192
303.25025
303.25094
303.24941
303.25007
303.24868
303.24931
303.24805
303.24864
303.24751
303.24806
303.24704
303.24756
303.24666
303.24713
303.24635
303.24678
303.24611
303.24652
303.24596
303.24633
303.24588
303.24622
303.24588
303.2462
303.24598
303.24628
303.24617
303.24646
303.28788
303.29
303.2743
303.27256
303.26592
303.26481
303.26079
303.26037
303.25723
303.25732
303.25462
303.25498
303.25259
303.25308
303.25094
303.2515
303.24956
303.25015
303.24838
303.24899
303.24738
303.24798
303.2465
303.24709
303.24575
303.24631
303.24509
303.24563
303.24452
303.24503
303.24403
303.2445
303.24361
303.24405
303.24326
303.24367
303.24298
303.24335
303.24276
303.2431
303.24261
303.24292
303.24253
303.24282
303.24252
303.24279
303.24259
303.24285
303.24275
303.24299
303.28581
303.2846
303.26839
303.26637
303.2602
303.25905
303.25545
303.255
303.25222
303.25226
303.24989
303.25017
303.24808
303.24848
303.24661
303.24708
303.24539
303.24589
303.24435
303.24487
303.24347
303.24398
303.2427
303.2432
303.24203
303.24251
303.24145
303.24191
303.24095
303.24138
303.24052
303.24092
303.24015
303.24052
303.23984
303.24018
303.23958
303.2399
303.23939
303.23968
303.23925
303.23952
303.23918
303.23942
303.23916
303.23939
303.23922
303.23943
303.23934
303.23954
303.283
303.27768
303.26172
303.25962
303.2541
303.253
303.24987
303.24944
303.24705
303.24706
303.24502
303.24524
303.24346
303.24379
303.2422
303.24259
303.24115
303.24157
303.24026
303.24069
303.2395
303.23993
303.23885
303.23926
303.23828
303.23868
303.23778
303.23816
303.23735
303.23771
303.23698
303.23731
303.23666
303.23697
303.23639
303.23668
303.23617
303.23643
303.23601
303.23624
303.23589
303.2361
303.23582
303.23602
303.2358
303.23599
303.23584
303.23601
303.23594
303.23611
303.27912
303.26919
303.25438
303.2524
303.2477
303.24673
303.24411
303.24374
303.24175
303.24175
303.24007
303.24024
303.23878
303.23904
303.23773
303.23804
303.23686
303.2372
303.23613
303.23648
303.2355
303.23585
303.23496
303.2353
303.23449
303.23481
303.23408
303.23439
303.23372
303.23401
303.23342
303.23369
303.23315
303.2334
303.23293
303.23316
303.23275
303.23296
303.23261
303.2328
303.23251
303.23269
303.23245
303.23261
303.23244
303.23258
303.23247
303.23261
303.23255
303.23268
303.27368
303.25926
303.24653
303.24485
303.24109
303.2403
303.23824
303.23793
303.23637
303.23636
303.23505
303.23518
303.23404
303.23424
303.23322
303.23346
303.23254
303.2328
303.23196
303.23223
303.23147
303.23174
303.23105
303.23131
303.23068
303.23093
303.23036
303.2306
303.23008
303.23031
303.22984
303.23005
303.22964
303.22983
303.22946
303.22964
303.22932
303.22948
303.22921
303.22936
303.22913
303.22927
303.22908
303.22921
303.22907
303.22919
303.22909
303.2292
303.22915
303.22925
303.26581
303.24811
303.23833
303.23709
303.23435
303.23377
303.23229
303.23206
303.23095
303.23093
303.23
303.23009
303.22927
303.22941
303.22868
303.22885
303.22819
303.22838
303.22778
303.22797
303.22743
303.22762
303.22712
303.22731
303.22686
303.22704
303.22663
303.2268
303.22643
303.22659
303.22626
303.22641
303.22611
303.22625
303.22599
303.22611
303.22589
303.226
303.22581
303.22591
303.22575
303.22585
303.22572
303.2258
303.2257
303.22579
303.22572
303.2258
303.22576
303.22583
303.2539
303.23608
303.22996
303.2292
303.22754
303.22719
303.2263
303.22616
303.22549
303.22548
303.22492
303.22497
303.22448
303.22456
303.22413
303.22423
303.22383
303.22394
303.22359
303.2237
303.22337
303.22349
303.22319
303.2233
303.22303
303.22314
303.2229
303.223
303.22278
303.22287
303.22267
303.22276
303.22258
303.22267
303.22251
303.22258
303.22245
303.22252
303.2224
303.22246
303.22237
303.22242
303.22235
303.2224
303.22234
303.22239
303.22235
303.22239
303.22237
303.22242
303.23459
303.22358
303.22151
303.22126
303.22071
303.22059
303.22029
303.22025
303.22002
303.22002
303.21983
303.21985
303.21969
303.21971
303.21957
303.2196
303.21947
303.21951
303.21939
303.21943
303.21932
303.21936
303.21926
303.21929
303.2192
303.21924
303.21916
303.21919
303.21912
303.21915
303.21908
303.21911
303.21905
303.21908
303.21903
303.21905
303.21901
303.21903
303.21899
303.21901
303.21898
303.219
303.21897
303.21899
303.21897
303.21899
303.21898
303.21899
303.21898
303.219
)
;

boundaryField
{
    inlet
    {
        type            fixedValue;
        value           uniform 303.3;
    }
    outlet
    {
        type            zeroGradient;
    }
    wall_membrane
    {
        type            groovyBC;
        refValue        nonuniform List<scalar> 
50
(
312.88094
312.90919
312.93745
312.9657
312.99395
313.0222
313.05045
313.0787
313.10695
313.1352
313.16345
313.1917
313.21996
313.24821
313.27646
313.30471
313.33296
313.36121
313.38946
313.41771
313.44596
313.47421
313.50247
313.53072
313.55897
313.58722
313.61547
313.64372
313.67197
313.70022
313.72847
313.75672
313.78498
313.81323
313.84148
313.86973
313.89798
313.92623
313.95448
313.98273
314.01098
314.03923
314.06749
314.09574
314.12399
314.15224
314.18049
314.20874
314.23699
314.26524
)
;
        refGradient     uniform 0;
        valueFraction   uniform 1;
        source          uniform 0;
        value           nonuniform List<scalar> 
50
(
312.88094
312.90919
312.93745
312.9657
312.99395
313.0222
313.05045
313.0787
313.10695
313.1352
313.16345
313.1917
313.21996
313.24821
313.27646
313.30471
313.33296
313.36121
313.38946
313.41771
313.44596
313.47421
313.50247
313.53072
313.55897
313.58722
313.61547
313.64372
313.67197
313.70022
313.72847
313.75672
313.78498
313.81323
313.84148
313.86973
313.89798
313.92623
313.95448
313.98273
314.01098
314.03923
314.06749
314.09574
314.12399
314.15224
314.18049
314.20874
314.23699
314.26524
)
;
        valueExpression "Tm";
        gradientExpression "0";
        fractionExpression "1";
        evaluateDuringConstruction 0;
        cyclicSlave     0;
        variables       
12
(
"T_a=303.3;"
"L=0.15;"
"Tp_in=337.5;"
"Tp_out=333.1;"
"T_p=Tp_out-(Tp_out-Tp_in)/L*pos().x;"
"delta_mem=0.0001;"
"lambda_mem=0.053;"
"lambda_alim=0.62;"
"delta_alim=0.001;"
"h_agua=656;"
"h_ef=(lambda_alim/delta_alim)*(1/h_agua+delta_mem/lambda_mem);"
"Tm=((Tp_out-(Tp_out-Tp_in)/L*pos().x)+h_ef*T_a)/(1+h_ef);"
)
;
        timelines       (
);
        lookuptables    (
);
        lookuptables2D  (
);
    }
    wall_up
    {
        type            groovyBC;
        refValue        uniform 303.21729;
        refGradient     uniform 0;
        valueFraction   uniform 1;
        source          uniform 0;
        value           uniform 303.21729;
        valueExpression "T_m";
        gradientExpression "0";
        fractionExpression "1";
        evaluateDuringConstruction 0;
        cyclicSlave     0;
        variables       
10
(
"T_a=303.3;"
"Text=298;"
"L=0.15;"
"delta_ext=0.0261;"
"lambda_ext=15;"
"lambda_alim=0.62;"
"delta_alim=0.001;"
"h_ext=10;"
"h_ef=lambda_alim/delta_alim*(1/h_ext+delta_ext/lambda_ext);"
"T_m=(Text+h_ef*T_a)/(1+h_ef);"
)
;
        timelines       (
);
        lookuptables    (
);
        lookuptables2D  (
);
    }
    sides
    {
        type            empty;
    }
}


// ************************************************************************* //
