/*--------------------------------*- C++ -*----------------------------------*\
| =========                 |                                                 |
| \\      /  F ield         | OpenFOAM: The Open Source CFD Toolbox           |
|  \\    /   O peration     | Version:  2312                                  |
|   \\  /    A nd           | Website:  www.openfoam.com                      |
|    \\/     M anipulation  |                                                 |
\*---------------------------------------------------------------------------*/
FoamFile
{
    version     2.0;
    format      ascii;
    arch        "LSB;label=32;scalar=64";
    class       volScalarField;
    location    "10";
    object      T;
}
// * * * * * * * * * * * * * * * * * * * * * * * * * * * * * * * * * * * * * //

dimensions      [0 0 0 1 0 0 0];

internalField   nonuniform List<scalar> 
4000
(
332.13843
330.78672
330.51952
330.44395
330.35688
330.29773
330.2405
330.19006
330.14113
330.09605
330.05083
330.00848
329.96555
329.92478
329.88347
329.8437
329.80359
329.76452
329.72533
329.68675
329.64829
329.61008
329.57221
329.53427
329.4969
329.45916
329.42221
329.38462
329.34803
329.31055
329.27428
329.23689
329.20091
329.16356
329.12785
329.09052
329.05506
329.01773
328.98252
328.94516
328.91019
328.87277
328.83807
328.80054
328.76613
328.72843
328.6944
328.65635
328.62299
328.58365
334.43154
332.25126
331.53117
331.37408
331.18394
331.07687
330.97575
330.89486
330.81856
330.75374
330.68857
330.63193
330.57364
330.52173
330.46827
330.4194
330.36953
330.32274
330.27563
330.23034
330.18541
330.14121
330.09805
330.05467
330.01299
329.97022
329.9298
329.88748
329.84815
329.80616
329.7678
329.72604
329.68855
329.64694
329.61025
329.56871
329.53278
329.49123
329.45603
329.4144
329.37994
329.33812
329.30444
329.2623
329.22951
329.18684
329.15519
329.1115
329.08184
329.03444
335.84706
333.6593
332.53433
332.29769
332.00719
331.85279
331.70843
331.59725
331.49394
331.40943
331.32453
331.2536
331.18012
331.11705
331.05158
330.99357
330.93405
330.87952
330.82457
330.77253
330.72121
330.67099
330.62262
330.57376
330.52784
330.48
330.43617
330.38909
330.34707
330.30054
330.26012
330.21399
330.17502
330.12913
330.09149
330.04572
330.00934
329.96356
329.9284
329.88248
329.84855
329.80231
329.76969
329.72292
329.69177
329.64412
329.61486
329.56554
329.53955
329.4845
336.78416
334.96286
333.51435
333.20583
332.82102
332.62117
332.4352
332.29435
332.16483
332.06084
331.95675
331.87161
331.78331
331.70911
331.63191
331.56476
331.49582
331.43353
331.37093
331.31212
331.25456
331.1983
331.14483
331.09047
331.04041
330.98748
330.94033
330.88847
330.84383
330.79275
330.75034
330.69981
330.65941
330.60923
330.57069
330.52068
330.48389
330.43387
330.39879
330.34856
330.3152
330.26454
330.23299
330.1816
330.1521
330.09948
330.0726
330.01769
329.99528
329.93318
337.43284
336.11925
334.45227
334.08653
333.61774
333.37621
333.15148
332.9823
332.82797
332.70506
332.58265
332.48359
332.38109
332.2959
332.20744
332.13122
332.05322
331.9832
331.91324
331.84767
331.7841
331.72179
331.66343
331.60356
331.54953
331.4915
331.44116
331.38451
331.33737
331.28173
331.23743
331.18249
331.14076
331.08628
331.04692
330.99265
330.95552
330.90125
330.8663
330.81177
330.77901
330.72394
330.69349
330.6375
330.60966
330.55211
330.52759
330.46719
330.44816
330.37971
337.89654
337.10257
335.32839
334.9258
334.38811
334.11084
333.8517
333.65644
333.47942
333.33858
333.19916
333.08671
332.97092
332.87505
332.776
332.6909
332.60435
332.52671
332.44981
332.37754
332.3083
332.24
332.17701
332.11166
332.05389
331.99078
331.93745
331.87601
331.82654
331.76634
331.72029
331.66096
331.61801
331.55923
331.51914
331.46064
331.42325
331.36475
331.32998
331.27118
331.23907
331.17962
331.1503
331.08974
331.06356
331.00117
330.97894
330.91323
330.8973
330.82326
338.23504
337.90023
336.12494
335.70915
335.12216
334.8172
334.52956
334.31149
334.11466
333.95742
333.80276
333.67776
333.54991
333.44388
333.33514
333.24149
333.14709
333.06205
332.97874
332.89994
332.82546
332.75127
332.684
332.61327
332.55204
332.48391
332.42783
332.36167
332.31007
332.24535
332.19773
332.13404
332.09001
332.02699
331.98628
331.92359
331.88603
331.82334
331.78885
331.72582
331.6944
331.63064
331.60247
331.53743
331.51289
331.44578
331.42576
331.35498
331.3418
331.26291
338.48685
338.51583
336.82903
336.42324
335.81007
335.48718
335.17835
334.94179
334.72881
334.55725
334.38961
334.25328
334.11492
333.99949
333.8822
333.78051
333.6791
333.58704
333.49798
333.41291
333.33372
333.25384
333.18274
333.10676
333.04244
332.96942
332.91089
332.8401
332.78662
332.71748
332.66848
332.60052
332.55559
332.48839
332.44721
332.3804
332.34279
332.27599
332.24184
332.17468
332.14402
332.07603
332.04903
331.97965
331.95671
331.88507
331.86711
331.7916
331.78077
331.69773
338.67782
338.96459
337.43345
337.05773
336.44315
336.113
335.79143
335.54164
335.31682
335.13363
334.95571
334.80964
334.66263
334.53883
334.41434
334.30532
334.19795
334.09936
334.00537
333.9144
333.83115
333.74587
333.67145
333.59047
333.52347
333.44575
333.38512
333.30987
333.25479
333.18138
333.13125
333.05914
333.0135
332.94224
332.90076
332.82994
332.7924
332.72162
332.68791
332.61673
332.58687
332.51482
332.48899
332.41545
332.39406
332.31813
332.30207
332.22221
332.21332
332.12677
338.8259
339.27059
337.93739
337.60656
337.01455
336.68785
336.36268
336.10556
335.87379
335.68214
335.49705
335.34317
335.18968
335.0588
334.9287
334.81325
334.70112
334.59665
334.49867
334.4023
334.31574
334.22545
334.14832
334.06264
333.99347
333.91131
333.84898
333.76949
333.71316
333.63566
333.58467
333.5086
333.46247
333.38734
333.34572
333.27107
333.23373
333.15913
333.12594
333.05094
333.02193
332.94601
332.92135
332.84387
332.82395
332.74403
332.72968
332.64592
332.63858
332.54908
338.94404
339.46255
338.3455
338.0686
337.51974
337.20642
336.88689
336.62871
336.39521
336.19866
336.00981
335.85037
335.69279
335.55637
335.42242
335.30163
335.18608
335.07657
334.97564
334.8745
334.78546
334.69066
334.61149
334.52152
334.45073
334.36447
334.3009
334.21747
334.16025
334.07893
334.02739
333.94759
333.90123
333.82243
333.78087
333.70261
333.66561
333.58741
333.55486
333.47625
333.44814
333.36859
333.34508
333.26396
333.24542
333.16188
333.14901
333.06184
333.05568
332.96374
339.04104
339.56993
338.66713
338.44716
337.95682
337.66538
337.36021
337.10719
336.87721
336.67957
336.49054
336.32801
336.16892
336.02867
335.89279
335.76793
335.65042
335.53681
335.43409
335.32893
335.23833
335.13962
335.05915
334.9654
334.89358
334.80365
334.73933
334.65232
334.59462
334.50981
334.45804
334.37482
334.32848
334.24631
334.20502
334.1234
334.08691
334.00538
333.97355
333.89162
333.86445
333.78158
333.7592
333.67477
333.65751
333.57073
333.55915
333.46907
333.46377
333.36982
339.12337
339.62018
338.9143
338.7491
338.32662
338.06357
337.78036
337.53827
337.31686
337.12194
336.93634
336.77332
336.61536
336.47315
336.33734
336.2098
336.09189
335.97526
335.87196
335.76364
335.67245
335.57053
335.48956
335.3926
335.3204
335.2273
335.16275
335.07261
335.01486
334.92695
334.87531
334.78902
334.74298
334.65777
334.61696
334.53232
334.49649
334.41195
334.38095
334.29602
334.26983
334.18398
334.16271
334.07536
334.05926
333.96971
333.95919
333.86671
333.86202
333.76647
339.195
339.63592
339.10037
338.98379
338.63257
338.40213
338.14679
337.92059
337.7123
337.52373
337.345
337.1841
337.02989
336.88765
336.75393
336.6252
336.50847
336.38999
336.28738
336.17683
336.08607
335.98172
335.90107
335.80157
335.72967
335.63396
335.56975
335.47696
335.41962
335.32905
335.27791
335.18896
335.14353
335.05566
335.01557
334.92828
334.89327
334.80608
334.77602
334.68846
334.66329
334.57486
334.55467
334.46481
334.44978
334.35791
334.34828
334.25389
334.24962
334.15284
339.25889
339.63457
339.23837
339.16196
338.88024
338.68421
338.46071
338.25423
338.06283
337.88386
337.71515
337.55883
337.41087
337.27051
337.14086
337.01245
336.89848
336.77937
336.67871
336.56695
336.47766
336.37171
336.29223
336.19089
336.12
336.02229
335.959
335.86412
335.80765
335.71493
335.66467
335.57352
335.529
335.4389
335.39976
335.31023
335.27622
335.1868
335.15777
335.068
335.0439
334.95331
334.93417
334.84226
334.82819
334.7345
334.72559
334.62978
334.6258
334.52813
339.31657
339.62765
339.34024
339.29461
339.07674
338.91467
338.72486
338.54065
338.369
338.2023
338.04628
337.89677
337.7573
337.62066
337.49693
337.37032
337.26062
337.14211
337.04465
336.93269
336.84589
336.73923
336.66176
336.55935
336.49015
336.39112
336.32931
336.23294
336.17783
336.08349
336.0345
335.94165
335.89835
335.8065
335.76854
335.67723
335.64439
335.55318
335.5253
335.43377
335.41076
335.31848
335.30036
335.20689
335.19369
335.09866
335.09036
334.9936
334.98982
334.8916
339.36934
339.62223
339.41601
339.39217
339.22994
339.09951
338.94331
338.78256
338.63247
338.48001
338.33878
338.19796
338.0689
337.93762
337.82145
337.69806
337.59402
337.47732
337.38421
337.2731
337.18975
337.08327
337.00863
336.90593
336.83911
336.73945
336.6797
336.58246
336.52916
336.43379
336.38644
336.29244
336.25065
336.15756
336.12102
336.02842
335.99691
335.9044
335.87776
335.78495
335.76309
335.66959
335.65248
335.55794
335.54554
335.44967
335.44188
335.34461
335.34099
335.24257
339.41775
339.62138
339.47374
339.46383
339.34781
339.24539
339.12106
338.98369
338.8559
338.7189
338.59387
338.46319
338.34606
338.22153
338.11432
337.99543
337.89828
337.7845
337.69681
337.58754
337.50855
337.40312
337.33208
337.22987
337.16607
337.0665
337.00934
336.91189
336.86085
336.76504
336.7197
336.6251
336.58512
336.49133
336.45642
336.36305
336.33303
336.23972
336.21442
336.12083
336.10016
336.00595
335.98983
335.89472
335.88308
335.78685
335.7795
335.68217
335.67869
335.58041
339.46236
339.62599
339.51944
339.51719
339.43789
339.35906
339.26364
339.14844
339.04272
338.92163
338.81355
338.69399
338.58984
338.47316
338.376
338.26268
338.17344
338.0636
337.98225
337.87574
337.80192
337.69839
337.63163
337.53069
337.4705
337.37172
337.31765
337.22063
337.17227
337.07663
337.03365
336.93903
336.90113
336.80717
336.77412
336.68051
336.65212
336.55853
336.53467
336.44081
336.42136
336.32695
336.31183
336.21664
336.20572
336.10962
336.10268
336.00569
336.00235
335.90457
339.50345
339.63536
339.55736
339.55814
339.50684
339.44694
339.37671
339.28165
339.19692
339.09146
339.00043
338.89245
338.80187
338.69381
338.60747
338.50058
338.42004
338.31501
338.24073
338.13782
338.06983
337.96899
337.90711
337.80816
337.7521
337.65479
337.60426
337.50832
337.46302
337.36815
337.32784
337.23376
337.1982
337.10463
337.07362
336.98029
336.95369
336.86034
336.83801
336.74438
336.72621
336.63209
336.61798
336.5232
336.51299
336.41746
336.41093
336.31469
336.3115
336.21458
339.54134
339.6483
339.59029
339.59104
339.56027
339.51482
339.46572
339.3882
339.32273
339.23204
339.15755
339.06117
338.98429
338.88528
338.81017
338.71034
338.63901
338.53949
338.47284
338.37423
338.31262
338.21515
338.15864
338.06236
338.01087
337.91567
337.86907
337.7748
337.7329
337.63938
337.60201
337.50903
337.47603
337.38339
337.3546
337.26208
337.23739
337.14478
337.12407
337.03118
337.01434
336.921
336.90791
336.814
336.8045
336.70999
336.70386
336.60878
336.60575
336.51004
339.5763
339.66355
339.61995
339.61885
339.60264
339.56765
339.53567
339.47281
339.42444
339.34719
339.28824
339.20308
339.13958
339.04974
338.98592
338.89352
338.83169
338.73818
338.67952
338.58577
338.53091
338.43742
338.38665
338.29362
338.24706
338.15455
338.11217
338.02016
337.98191
337.8903
337.8561
337.76476
337.7345
337.64331
337.61689
337.52569
337.50302
337.41165
337.39263
337.30096
337.28548
337.19339
337.18135
337.08876
337.08
336.9869
336.98121
336.88764
336.8848
336.79067
339.60858
339.67999
339.6473
339.6435
339.63731
339.60945
339.59087
339.53982
339.50614
339.44072
339.39595
339.32126
339.2705
339.18962
339.13687
339.05203
338.9997
338.91252
338.86199
338.77355
338.72565
338.6366
338.59183
338.50255
338.46115
338.37184
338.33394
338.24468
338.2103
338.12109
338.09024
338.00105
337.97368
337.88443
337.86049
337.77109
337.75052
337.66087
337.64359
337.5536
337.53953
337.44914
337.43816
337.34732
337.3393
337.24802
337.24278
337.15109
337.14846
337.05625
339.63844
339.69688
339.67285
339.66614
339.66669
339.64336
339.63495
339.59302
339.57161
339.51624
339.48405
339.41886
339.37988
339.30753
339.26534
339.18797
339.14492
339.06421
339.02176
338.93889
338.89802
338.81377
338.7751
338.68999
338.65389
338.56821
338.53492
338.44886
338.41849
338.33214
338.30477
338.21816
338.1938
338.10693
338.08556
337.9984
337.98
337.8925
337.87702
337.78914
337.77651
337.68821
337.67833
337.58963
337.58237
337.49327
337.48851
337.39903
337.39664
337.30667
339.6661
339.71365
339.69682
339.68737
339.69243
339.67169
339.67078
339.63562
339.62415
339.57707
339.55573
339.49892
339.47057
339.40612
339.37376
339.30359
339.26938
339.19511
339.16052
339.08335
339.04941
338.9702
338.93761
338.85696
338.8262
338.7445
338.71587
338.63339
338.6071
338.524
338.50017
338.41655
338.39525
338.31117
338.29242
338.2079
338.19172
338.10676
338.09311
338.00771
337.99655
337.91073
337.90196
337.81574
337.80928
337.72268
337.71842
337.63147
337.62933
337.54192
339.69179
339.73004
339.71932
339.7075
339.71557
339.6961
339.70059
339.67023
339.66661
339.62613
339.61392
339.56429
339.5453
339.48799
339.46457
339.40117
339.37522
339.30719
339.28009
339.20861
339.18136
339.1073
339.08066
339.00468
338.97918
338.90173
338.87774
338.79913
338.77691
338.69739
338.6771
338.59681
338.57859
338.49764
338.48154
338.4
338.38605
338.30398
338.29217
338.20961
338.19992
338.1169
338.10926
338.02584
338.02019
337.9364
337.93266
337.84852
337.84664
337.76207
339.71568
339.74587
339.74039
339.72662
339.73677
339.71772
339.72599
339.69889
339.70129
339.66592
339.66119
339.61757
339.60662
339.5556
339.54014
339.48297
339.46456
339.40248
339.38235
339.31643
339.29552
339.22663
339.2057
339.13448
339.11408
339.04104
339.02158
338.94707
338.92885
338.85315
338.83637
338.75968
338.7445
338.66698
338.65349
338.57525
338.56351
338.48463
338.47465
338.39522
338.387
338.30707
338.30057
338.22022
338.21538
338.13466
338.13145
338.05038
338.04877
337.9673
339.73796
339.76108
339.76008
339.74476
339.75638
339.73726
339.74814
339.72314
339.73004
339.69851
339.69975
339.66104
339.65682
339.61126
339.60271
339.55116
339.53949
339.48297
339.46919
339.40862
339.3936
339.32977
339.31422
339.24778
339.23224
339.16369
339.14858
339.0783
339.06395
338.99225
338.97888
338.90601
338.8938
338.81993
338.80901
338.73429
338.72472
338.64928
338.64111
338.56505
338.55827
338.48168
338.4763
338.39926
338.39524
338.31782
338.31514
338.23736
338.23602
338.15786
339.75875
339.77566
339.77842
339.76191
339.77461
339.75517
339.76783
339.7441
339.75427
339.72553
339.73142
339.69664
339.69793
339.657
339.65432
339.60777
339.60198
339.55056
339.54247
339.48695
339.47729
339.41836
339.40778
339.34604
339.33504
339.27099
339.25999
339.19402
339.18334
339.11576
339.10566
339.03674
339.02739
338.95734
338.94888
338.87788
338.87041
338.7986
338.79218
338.71969
338.71433
338.64127
338.63699
338.56344
338.56023
338.48629
338.48414
338.40984
338.40876
338.3341
339.77819
339.78962
339.79549
339.77805
339.79157
339.77172
339.78556
339.76257
339.77503
339.7483
339.75769
339.726
339.73167
339.69462
339.69681
339.65462
339.65387
339.60706
339.60396
339.55312
339.54827
339.494
339.48792
339.43075
339.42392
339.36431
339.35712
339.29545
339.28821
339.2248
339.21776
339.15288
339.14623
339.08012
339.07401
339.00685
339.00139
338.93335
338.9286
338.85982
338.85583
338.78644
338.78323
338.71332
338.7109
338.64058
338.63896
338.56827
338.56745
338.49643
339.79637
339.80295
339.81133
339.79316
339.80729
339.78705
339.80167
339.77906
339.7931
339.76776
339.77972
339.75043
339.7595
339.72565
339.73177
339.69335
339.6968
339.65412
339.65529
339.60877
339.6081
339.55821
339.55615
339.50335
339.50028
339.44499
339.44127
339.38384
339.37976
339.3205
339.31631
339.25549
339.25137
339.18924
339.18534
339.12208
339.11852
339.05433
339.05117
338.98619
338.98351
338.91788
338.91569
338.84953
338.84786
338.78126
338.78014
338.71318
338.71261
338.64533
339.81339
339.81565
339.82598
339.80725
339.8218
339.80124
339.81634
339.79395
339.809
339.78464
339.79842
339.77098
339.7826
339.75137
339.76058
339.72538
339.73226
339.69322
339.69798
339.65537
339.6583
339.61247
339.6139
339.56524
339.5655
339.51435
339.51375
339.46044
339.45923
339.40405
339.40245
339.34566
339.34386
339.2857
339.28384
339.22451
339.2227
339.1624
339.16073
339.0996
339.09813
339.03632
339.0351
338.97273
338.97179
338.90897
338.90833
338.84514
338.84482
338.78134
339.8293
339.82771
339.83948
339.82029
339.83511
339.8143
339.82968
339.80743
339.82309
339.79945
339.81444
339.78844
339.8019
339.77282
339.78438
339.75193
339.76152
339.72568
339.73336
339.69428
339.70021
339.65812
339.66253
339.61774
339.62089
339.57368
339.5758
339.52646
339.52779
339.47658
339.4773
339.42447
339.42475
339.37052
339.37051
339.31509
339.31489
339.25845
339.25815
339.20087
339.20053
339.14255
339.14222
339.08367
339.08339
339.02437
339.02417
338.9648
338.9647
338.90504
339.84415
339.83909
339.85182
339.83228
339.84721
339.82625
339.84175
339.81965
339.83562
339.81255
339.82828
339.80343
339.81815
339.79084
339.80412
339.774
339.78567
339.75263
339.76262
339.72669
339.73506
339.69639
339.70328
339.66208
339.66767
339.62416
339.62864
339.58307
339.58661
339.53921
339.54198
339.49298
339.49511
339.44472
339.44636
339.39477
339.396
339.3434
339.34432
339.29085
339.29153
339.23735
339.23784
339.18307
339.18341
339.12818
339.12839
339.0728
339.07291
339.01706
339.85793
339.84969
339.863
339.84317
339.8581
339.83709
339.85259
339.83068
339.84675
339.82417
339.84029
339.81639
339.83191
339.80608
339.82056
339.79243
339.80561
339.77501
339.78677
339.75365
339.76395
339.72838
339.73727
339.69938
339.70698
339.66693
339.67337
339.63137
339.63678
339.59303
339.59754
339.55222
339.55596
339.50928
339.51236
339.46449
339.467
339.41812
339.42014
339.3704
339.37199
339.32154
339.32276
339.27172
339.2726
339.22111
339.22169
339.16985
339.17013
339.11804
339.87058
339.85943
339.87295
339.85294
339.86775
339.84681
339.86222
339.84058
339.85659
339.83448
339.85074
339.82767
339.84363
339.81906
339.83429
339.80788
339.82211
339.79365
339.80669
339.77607
339.78783
339.75505
339.76551
339.73064
339.73985
339.703
339.71105
339.67238
339.67934
339.63902
339.645
339.60319
339.60829
339.56516
339.56946
339.52518
339.52878
339.48351
339.48647
339.44036
339.44274
339.39593
339.39778
339.35039
339.35175
339.3039
339.3048
339.25662
339.25707
339.20866
339.88191
339.86814
339.88163
339.86155
339.87617
339.8554
339.87066
339.84937
339.86522
339.84361
339.85981
339.8375
339.85361
339.83016
339.8458
339.82089
339.83578
339.80919
339.82311
339.79471
339.80752
339.77724
339.78887
339.75675
339.7672
339.7333
339.7426
339.70703
339.71523
339.67812
339.6853
339.64679
339.653
339.61325
339.61858
339.57772
339.58224
339.54042
339.54419
339.50156
339.50461
339.4613
339.4637
339.41983
339.4216
339.37729
339.37846
339.33383
339.33441
339.28957
339.89159
339.87565
339.88896
339.86895
339.88335
339.86288
339.87793
339.85708
339.87269
339.85162
339.86764
339.84607
339.86212
339.83969
339.85546
339.83188
339.8471
339.82219
339.83663
339.81021
339.8237
339.79568
339.80812
339.7785
339.78984
339.75863
339.76887
339.73616
339.74531
339.7112
339.7193
339.68389
339.69098
339.6544
339.66056
339.62294
339.6282
339.58967
339.59409
339.55478
339.55839
339.51843
339.52128
339.48079
339.4829
339.44199
339.44339
339.40217
339.40287
339.36145
339.89927
339.8818
339.89491
339.87516
339.88931
339.86927
339.88407
339.86375
339.87907
339.8586
339.87432
339.85349
339.86934
339.84786
339.86355
339.84119
339.85649
339.83306
339.84774
339.82309
339.83696
339.81097
339.82391
339.79654
339.80847
339.77973
339.79061
339.76053
339.77036
339.73901
339.74779
339.71526
339.72302
339.68941
339.69619
339.66161
339.66745
339.63202
339.63695
339.60079
339.60484
339.56807
339.57128
339.53399
339.53638
339.4987
339.50029
339.46232
339.46311
339.42497
339.90464
339.88649
339.89948
339.88017
339.89409
339.8746
339.88912
339.86943
339.88441
339.8646
339.87997
339.85989
339.87541
339.85485
339.8703
339.84907
339.86423
339.84217
339.85684
339.83378
339.84778
339.82361
339.83679
339.81146
339.82371
339.7972
339.80847
339.78079
339.79105
339.76224
339.77148
339.7416
339.74983
339.71897
339.7262
339.69446
339.70071
339.66819
339.6735
339.64029
339.64468
339.6109
339.61438
339.58012
339.58272
339.5481
339.54983
339.51494
339.5158
339.48075
339.9077
339.88975
339.90273
339.88405
339.89777
339.87892
339.89316
339.87416
339.88878
339.86969
339.88464
339.86535
339.88047
339.86081
339.87589
339.85572
339.87059
339.84977
339.86425
339.84264
339.85654
339.83402
339.8472
339.82372
339.83607
339.81157
339.82301
339.7975
339.80799
339.78149
339.79099
339.76355
339.77206
339.74374
339.75125
339.72214
339.72866
339.69884
339.7044
339.67395
339.67856
339.64758
339.65125
339.61983
339.62258
339.59082
339.59265
339.56065
339.56157
339.52943
339.90877
339.89173
339.90479
339.88689
339.90042
339.88232
339.89626
339.87802
339.89225
339.87392
339.88843
339.86995
339.88459
339.86582
339.88046
339.86129
339.87576
339.85609
339.87022
339.84993
339.86357
339.84254
339.85554
339.83371
339.84596
339.82329
339.8347
339.81117
339.82168
339.7973
339.80687
339.78166
339.79027
339.76429
339.77193
339.74523
339.7519
339.72456
339.73026
339.70236
339.7071
339.67872
339.6825
339.65373
339.65656
339.62748
339.62937
339.60007
339.60101
339.57158
339.90844
339.89268
339.90584
339.88883
339.90218
339.88489
339.89851
339.88107
339.8949
339.87737
339.89141
339.87375
339.88789
339.87
339.88411
339.86591
339.87988
339.86128
339.87496
339.85587
339.86911
339.84943
339.8621
339.84176
339.85376
339.83272
339.84395
339.82219
339.83258
339.81009
339.81959
339.7964
339.80498
339.78111
339.78875
339.76426
339.77095
339.7459
339.75163
339.72608
339.73085
339.70488
339.7087
339.68237
339.68523
339.65862
339.66054
339.63373
339.63469
339.60778
339.90729
339.89288
339.90609
339.89001
339.90315
339.88672
339.9
339.8834
339.89681
339.88011
339.89365
339.87683
339.89042
339.8734
339.88695
339.86967
339.88307
339.86548
339.87861
339.86062
339.87335
339.8549
339.86711
339.84813
339.85973
339.84017
339.85106
339.83091
339.84103
339.82026
339.82955
339.80818
339.8166
339.79466
339.80217
339.7797
339.7863
339.76333
339.769
339.7456
339.75033
339.72656
339.73035
339.70626
339.70911
339.68478
339.68669
339.66218
339.66314
339.63853
339.9058
339.8926
339.90572
339.89058
339.90347
339.88792
339.90084
339.88509
339.89806
339.8822
339.89523
339.87924
339.89227
339.8761
339.88904
339.87265
339.88542
339.86878
339.88128
339.86432
339.87645
339.85911
339.87077
339.853
339.8641
339.84587
339.85632
339.8376
339.84734
339.82812
339.83708
339.81736
339.8255
339.8053
339.81259
339.79193
339.79836
339.77728
339.78281
339.76136
339.76599
339.74421
339.74793
339.72588
339.72868
339.70642
339.70829
339.68589
339.68683
339.66433
339.90421
339.89204
339.90493
339.89068
339.90328
339.8886
339.90113
339.88623
339.89874
339.88371
339.89622
339.88105
339.89349
339.87815
339.89045
339.87491
339.88701
339.87125
339.88308
339.86705
339.87852
339.86218
339.87322
339.85654
339.86705
339.85001
339.85993
339.84249
339.85175
339.83391
339.84246
339.82421
339.832
339.81335
339.82034
339.80132
339.80749
339.78811
339.79344
339.77375
339.77821
339.75825
339.76184
339.74165
339.74435
339.72398
339.72579
339.70529
339.7062
339.68563
339.90264
339.89133
339.90384
339.89043
339.90267
339.88885
339.90096
339.8869
339.89893
339.88472
339.89667
339.88231
339.89413
339.87959
339.89122
339.87648
339.88787
339.87293
339.88404
339.86886
339.87962
339.8642
339.87454
339.85885
339.86871
339.85272
339.86204
339.84575
339.85447
339.83785
339.84591
339.82897
339.83633
339.81908
339.8257
339.80814
339.81399
339.79615
339.80121
339.78311
339.78736
339.76903
339.77246
339.75394
339.75652
339.73785
339.73958
339.7208
339.72167
339.70283
339.90109
339.89055
339.90256
339.88993
339.90176
339.88875
339.90041
339.88716
339.89868
339.88527
339.89665
339.88306
339.89423
339.88044
339.89138
339.87738
339.88804
339.87385
339.8842
339.86981
339.87981
339.86521
339.87482
339.86
339.86916
339.85412
339.86278
339.84751
339.85562
339.8401
339.84762
339.83184
339.83872
339.8227
339.8289
339.81265
339.81814
339.80166
339.80642
339.78973
339.79373
339.77687
339.78009
339.76307
339.76551
339.74837
339.75
339.73277
339.73359
339.71631
339.89954
339.88973
339.90115
339.88925
339.90061
339.88839
339.89956
339.88709
339.89808
339.88543
339.89619
339.88333
339.89383
339.88074
339.89094
339.87763
339.88752
339.87402
339.88358
339.86989
339.8791
339.86524
339.87408
339.86004
339.86847
339.85427
339.86223
339.84786
339.85533
339.84078
339.84771
339.83297
339.83932
339.82441
339.83014
339.81505
339.82014
339.80487
339.80929
339.79387
339.79759
339.78203
339.78503
339.76936
339.77163
339.75585
339.75737
339.74153
339.7423
339.72641
339.89799
339.8889
339.89966
339.88844
339.89929
339.88781
339.89846
339.88674
339.89715
339.88521
339.89533
339.88314
339.89292
339.88047
339.88991
339.87722
339.88631
339.87342
339.88217
339.8691
339.8775
339.8643
339.87234
339.859
339.86666
339.8532
339.86045
339.84687
339.85367
339.83997
339.84629
339.83247
339.83827
339.82433
339.82957
339.81551
339.82017
339.80599
339.81004
339.79574
339.79916
339.78477
339.78753
339.77304
339.77513
339.76058
339.76198
339.74737
339.74807
339.73343
339.8964
339.88806
339.8981
339.88754
339.89784
339.88707
339.89717
339.88613
339.89594
339.88463
339.89407
339.88248
339.89151
339.87962
339.88826
339.87611
339.88437
339.87202
339.87993
339.86742
339.87499
339.86236
339.86959
339.85686
339.86374
339.85094
339.85745
339.84458
339.85069
339.83776
339.84344
339.83043
339.83566
339.82258
339.82732
339.81416
339.81838
339.80516
339.80883
339.79553
339.79863
339.78527
339.78778
339.77436
339.77626
339.76278
339.76406
339.75055
339.75119
339.73764
339.89478
339.8872
339.89649
339.88656
339.8963
339.88619
339.89571
339.88529
339.89444
339.88371
339.89241
339.88133
339.88956
339.87816
339.88595
339.87427
339.88167
339.86979
339.87683
339.86481
339.87152
339.8594
339.8658
339.85362
339.85971
339.84749
339.85326
339.84101
339.84643
339.83416
339.83921
339.82692
339.83157
339.81926
339.82348
339.81113
339.8149
339.80252
339.8058
339.79339
339.79617
339.78372
339.78597
339.77349
339.7752
339.76269
339.76383
339.75129
339.75187
339.7393
339.89311
339.88634
339.89482
339.88553
339.89468
339.88519
339.89409
339.88421
339.89266
339.8824
339.8903
339.87965
339.88702
339.87601
339.88292
339.87163
339.87814
339.86665
339.87281
339.8612
339.86706
339.85537
339.86095
339.84924
339.85454
339.84284
339.84786
339.83617
339.8409
339.82923
339.83364
339.82199
339.82606
339.81442
339.81813
339.8065
339.80982
339.79819
339.80109
339.78946
339.79191
339.78028
339.78227
339.77062
339.77213
339.76047
339.76149
339.74981
339.75032
339.73862
339.89137
339.88546
339.89312
339.88444
339.893
339.88406
339.8923
339.88288
339.89055
339.88066
339.88769
339.87736
339.88382
339.87312
339.87909
339.86811
339.8737
339.86253
339.8678
339.85653
339.86153
339.85023
339.85498
339.84369
339.84821
339.83696
339.84125
339.83005
339.8341
339.82295
339.82675
339.81566
339.81917
339.80813
339.81134
339.80035
339.80322
339.79226
339.79477
339.78385
339.78598
339.77507
339.7768
339.7659
339.76722
339.75631
339.7572
339.74628
339.74673
339.7358
339.88956
339.88455
339.89135
339.8833
339.89123
339.8828
339.8903
339.88123
339.88804
339.87841
339.8845
339.87438
339.87986
339.86936
339.87437
339.86361
339.86826
339.85735
339.86171
339.85074
339.85487
339.8439
339.84784
339.83691
339.84067
339.82982
339.8334
339.82264
339.82603
339.81536
339.81855
339.80797
339.81093
339.80044
339.80315
339.79273
339.79517
339.78481
339.78695
339.77665
339.77847
339.7682
339.76969
339.75945
339.76058
339.75034
339.75111
339.74088
339.74126
339.73101
339.88767
339.88364
339.88954
339.88211
339.88938
339.88135
339.88805
339.87919
339.88504
339.87553
339.88059
339.87057
339.87502
339.86464
339.86864
339.85804
339.86172
339.85101
339.85447
339.84374
339.84702
339.83633
339.83948
339.82887
339.83189
339.8214
339.82429
339.81392
339.81668
339.80644
339.80905
339.79893
339.80137
339.79136
339.79361
339.7837
339.78573
339.77591
339.7777
339.76795
339.76948
339.75979
339.76104
339.75139
339.75234
339.74271
339.74335
339.73373
339.73405
339.72442
339.88567
339.88271
339.88766
339.88087
339.88739
339.87967
339.88543
339.87664
339.88142
339.87189
339.87583
339.86581
339.86915
339.85881
339.86178
339.85127
339.85398
339.84342
339.84598
339.83544
339.8379
339.82746
339.82983
339.81952
339.82182
339.81166
339.8139
339.80389
339.80605
339.7962
339.79826
339.78856
339.7905
339.78095
339.78275
339.77332
339.77495
339.76563
339.76708
339.75784
339.75909
339.74992
339.75094
339.74183
339.74261
339.73352
339.73405
339.72498
339.72525
339.71616
339.88356
339.88178
339.88572
339.87955
339.8852
339.87764
339.88233
339.87341
339.877
339.8673
339.87005
339.85991
339.86212
339.85174
339.85365
339.84317
339.84493
339.83447
339.83615
339.82579
339.82744
339.81722
339.81886
339.80881
339.81044
339.80059
339.8022
339.79254
339.79413
339.78465
339.78619
339.77689
339.77836
339.76922
339.77061
339.76161
339.76288
339.75401
339.75515
339.74638
339.74736
339.73868
339.73949
339.73086
339.73148
339.7229
339.72332
339.71475
339.71496
339.70637
339.88131
339.8809
339.8837
339.87811
339.88271
339.87512
339.87855
339.86932
339.87158
339.86159
339.86305
339.85271
339.85375
339.84327
339.84412
339.83365
339.83445
339.82408
339.82491
339.8147
339.81558
339.80557
339.80651
339.79672
339.79772
339.78816
339.78919
339.77985
339.78092
339.77179
339.77285
339.76393
339.76497
339.75622
339.75722
339.74864
339.74957
339.74113
339.74197
339.73364
339.73438
339.72614
339.72675
339.71858
339.71906
339.71093
339.71125
339.70314
339.7033
339.69518
339.8789
339.8801
339.88157
339.87649
339.87977
339.87191
339.87387
339.86412
339.86494
339.85452
339.85464
339.84403
339.84387
339.83326
339.83307
339.82257
339.82246
339.81216
339.81217
339.80212
339.80227
339.79247
339.79276
339.78322
339.78363
339.77436
339.77486
339.76584
339.76642
339.75764
339.75827
339.7497
339.75035
339.74199
339.74264
339.73444
339.73507
339.72703
339.72761
339.71969
339.7202
339.71239
339.71282
339.70507
339.70541
339.69771
339.69794
339.69026
339.69038
339.68268
339.87633
339.87946
339.87925
339.87456
339.87616
339.86776
339.86803
339.85756
339.85682
339.84586
339.84462
339.83368
339.83234
339.82157
339.82037
339.80985
339.80886
339.79864
339.7979
339.78799
339.78748
339.77789
339.77758
339.76831
339.76818
339.7592
339.75923
339.75052
339.75067
339.74222
339.74246
339.73425
339.73455
339.72655
339.72689
339.71907
339.71942
339.71177
339.71211
339.70459
339.7049
339.69749
339.69776
339.69042
339.69063
339.68334
339.68349
339.67621
339.67629
339.669
339.87357
339.87905
339.87665
339.87212
339.8716
339.86236
339.86071
339.84934
339.84695
339.83539
339.83277
339.82148
339.819
339.80808
339.80592
339.7954
339.7936
339.78348
339.78204
339.77231
339.77118
339.76183
339.76099
339.75198
339.75138
339.7427
339.7423
339.73392
339.73368
339.72557
339.72546
339.71761
339.7176
339.70996
339.71002
339.70258
339.70269
339.69541
339.69554
339.68841
339.68855
339.68151
339.68164
339.67469
339.6748
339.66789
339.66797
339.66108
339.66112
339.65422
339.87061
339.87895
339.87358
339.86891
339.86573
339.85535
339.85157
339.83915
339.83509
339.82288
339.81892
339.8073
339.80374
339.7927
339.78966
339.77916
339.77663
339.76664
339.76457
339.75504
339.75339
339.74429
339.74297
339.73426
339.73324
339.72488
339.72411
339.71606
339.71549
339.70774
339.70732
339.69983
339.69955
339.69228
339.6921
339.68503
339.68492
339.67802
339.67797
339.67121
339.6712
339.66454
339.66455
339.65797
339.65799
339.65146
339.65147
339.64496
339.64497
339.63844
339.86741
339.8792
339.86977
339.86455
339.85815
339.84633
339.84025
339.82671
339.82097
339.80814
339.80291
339.791
339.78646
339.77535
339.77153
339.7611
339.75794
339.74811
339.74552
339.73622
339.73411
339.72529
339.72358
339.71518
339.71381
339.70579
339.7047
339.69701
339.69615
339.68876
339.68809
339.68096
339.68046
339.67356
339.67318
339.66648
339.6662
339.65966
339.65946
339.65307
339.65293
339.64665
339.64655
339.64034
339.64028
339.63412
339.63408
339.62794
339.62792
339.62175
339.86396
339.87975
339.86484
339.85857
339.84836
339.83487
339.82642
339.81173
339.8044
339.79101
339.78463
339.77252
339.76712
339.75601
339.75152
339.74123
339.73753
339.72793
339.72489
339.71588
339.71339
339.70489
339.70286
339.6948
339.69314
339.68548
339.68413
339.67681
339.67573
339.6687
339.66784
339.66108
339.66039
339.65386
339.65332
339.64699
339.64657
339.64041
339.64008
339.63406
339.63381
339.6279
339.62771
339.62188
339.62175
339.61596
339.61587
339.61009
339.61005
339.60424
339.8602
339.88039
339.85828
339.85038
339.83588
339.82057
339.80977
339.794
339.78522
339.77139
339.76401
339.7518
339.74569
339.73468
339.72965
339.71957
339.71545
339.70613
339.70275
339.69407
339.69129
339.68315
339.68086
339.67318
339.6713
339.66402
339.66248
339.65554
339.65428
339.64764
339.64662
339.64024
339.63941
339.63327
339.63259
339.62665
339.62611
339.62033
339.6199
339.61425
339.61392
339.60838
339.60812
339.60265
339.60247
339.59704
339.59692
339.5915
339.59144
339.586
339.85607
339.88068
339.84947
339.83934
339.82022
339.80306
339.79005
339.77336
339.76334
339.74922
339.74105
339.72887
339.72221
339.7114
339.70597
339.69619
339.69176
339.68279
339.67916
339.67087
339.66788
339.66014
339.65767
339.6504
339.64836
339.64149
339.63981
339.63328
339.63189
339.62565
339.62451
339.61854
339.6176
339.61185
339.61108
339.60552
339.60489
339.59949
339.59899
339.59372
339.59332
339.58815
339.58784
339.58274
339.58251
339.57746
339.5773
339.57225
339.57217
339.56709
339.85145
339.87988
339.83764
339.82475
339.80093
339.78203
339.76709
339.74973
339.73872
339.72452
339.71577
339.70378
339.69675
339.68626
339.68057
339.67118
339.66656
339.65801
339.65423
339.64637
339.64326
339.63595
339.63339
339.62655
339.62442
339.61798
339.61621
339.6101
339.60864
339.60282
339.6016
339.59604
339.59503
339.58968
339.58884
339.58368
339.58299
339.57798
339.57742
339.57254
339.57209
339.5673
339.56695
339.56222
339.56197
339.55727
339.5571
339.55242
339.55232
339.54761
339.84618
339.87691
339.82198
339.80595
339.77768
339.75731
339.74084
339.72311
339.71143
339.69738
339.68829
339.67665
339.66943
339.65937
339.65358
339.64465
339.63996
339.6319
339.62807
339.62069
339.61754
339.61071
339.6081
339.60173
339.59957
339.59358
339.59178
339.58611
339.58461
339.57923
339.57797
339.57283
339.57178
339.56684
339.56598
339.56121
339.56049
339.55587
339.55528
339.55078
339.55031
339.54589
339.54552
339.54117
339.54089
339.53657
339.53638
339.53206
339.53196
339.52761
339.83997
339.8703
339.80167
339.78236
339.75025
339.72883
339.71134
339.69361
339.68159
339.66794
339.65876
339.64762
339.6404
339.63089
339.62513
339.61675
339.6121
339.60459
339.60079
339.59394
339.59083
339.58451
339.58193
339.57605
339.57391
339.5684
339.5666
339.5614
339.5599
339.55496
339.55371
339.54899
339.54795
339.54342
339.54255
339.53819
339.53746
339.53324
339.53264
339.52852
339.52804
339.524
339.52362
339.51965
339.51936
339.51541
339.51522
339.51127
339.51116
339.50718
339.83245
339.85835
339.77593
339.75355
339.71861
339.69669
339.67873
339.66141
339.6494
339.63638
339.62735
339.61688
339.60984
339.60098
339.59539
339.58764
339.58314
339.57621
339.57255
339.56627
339.56325
339.55748
339.55498
339.54962
339.54755
339.54253
339.54079
339.53606
339.53461
339.53012
339.5289
339.52462
339.5236
339.5195
339.51864
339.51469
339.51398
339.51015
339.50956
339.50583
339.50535
339.5017
339.50132
339.49773
339.49744
339.49387
339.49367
339.49009
339.48999
339.48638
339.82303
339.8392
339.7442
339.71933
339.68289
339.66109
339.64329
339.62676
339.61512
339.60296
339.5943
339.58464
339.57794
339.56982
339.56452
339.55747
339.55321
339.54693
339.54347
339.53779
339.53494
339.52974
339.52738
339.52255
339.52059
339.51608
339.51444
339.51019
339.50881
339.50479
339.50363
339.4998
339.49882
339.49515
339.49433
339.49079
339.49011
339.48669
339.48612
339.48279
339.48232
339.47906
339.47869
339.47547
339.47519
339.472
339.4718
339.46861
339.4685
339.46527
339.81091
339.81104
339.7062
339.67979
339.64338
339.6224
339.60534
339.58998
339.57903
339.56792
339.55986
339.55112
339.54491
339.53762
339.53272
339.52641
339.52248
339.51689
339.51369
339.50865
339.50602
339.5014
339.49923
339.49496
339.49314
339.48915
339.48764
339.48388
339.48261
339.47905
339.47798
339.47459
339.47369
339.47045
339.46969
339.46657
339.46593
339.46291
339.46238
339.45944
339.45901
339.45613
339.45578
339.45295
339.45268
339.44986
339.44968
339.44686
339.44676
339.4439
339.79496
339.7724
339.66199
339.63532
339.60053
339.58104
339.56527
339.55142
339.54144
339.53157
339.52427
339.51656
339.51096
339.50456
339.50015
339.49464
339.49111
339.48623
339.48336
339.47896
339.47661
339.47259
339.47064
339.46693
339.4653
339.46184
339.46047
339.45722
339.45607
339.45299
339.45202
339.44909
339.44827
339.44547
339.44478
339.44208
339.4415
339.43889
339.43841
339.43586
339.43547
339.43298
339.43266
339.4302
339.42996
339.42752
339.42735
339.42491
339.42482
339.42234
339.77354
339.7223
339.61202
339.58658
339.55489
339.53751
339.5235
339.51145
339.50267
339.49416
339.48779
339.48118
339.4763
339.47084
339.467
339.4623
339.45923
339.45509
339.45259
339.44886
339.44682
339.44341
339.44172
339.43857
339.43716
339.43423
339.43304
339.43029
339.42928
339.42668
339.42584
339.42336
339.42264
339.42027
339.41967
339.41739
339.41688
339.41467
339.41425
339.4121
339.41176
339.40965
339.40937
339.4073
339.40708
339.40502
339.40487
339.4028
339.40272
339.40062
339.74424
339.6606
339.55715
339.53443
339.50708
339.49233
339.48046
339.4704
339.46302
339.45598
339.45064
339.44519
339.44111
339.43662
339.43341
339.42956
339.42699
339.42359
339.42151
339.41846
339.41675
339.41396
339.41254
339.40997
339.40879
339.4064
339.4054
339.40315
339.40231
339.40019
339.39948
339.39745
339.39686
339.39492
339.39441
339.39255
339.39213
339.39032
339.38997
339.38821
339.38792
339.3862
339.38596
339.38427
339.38409
339.3824
339.38227
339.38058
339.38051
339.3788
339.70321
339.58797
339.49847
339.47977
339.45772
339.44598
339.43654
339.42862
339.42277
339.41726
339.41303
339.40878
339.40556
339.40206
339.39952
339.39652
339.3945
339.39186
339.39021
339.38784
339.38649
339.38433
339.38321
339.38121
339.38027
339.37841
339.37763
339.37588
339.37522
339.37357
339.37301
339.37144
339.37096
339.36946
339.36906
339.36761
339.36727
339.36587
339.36559
339.36423
339.364
339.36266
339.36247
339.36115
339.36101
339.3597
339.3596
339.35829
339.35823
339.35689
339.64408
339.50629
339.43723
339.42349
339.40738
339.3989
339.39206
339.38637
339.38215
339.3782
339.37515
339.37211
339.36978
339.36728
339.36546
339.36331
339.36185
339.35997
339.35878
339.35709
339.35612
339.35457
339.35376
339.35234
339.35167
339.35034
339.34977
339.34853
339.34805
339.34687
339.34647
339.34534
339.345
339.34393
339.34364
339.34261
339.34236
339.34136
339.34116
339.34019
339.34002
339.33907
339.33893
339.33799
339.33789
339.33695
339.33688
339.33594
339.3359
339.33495
339.55461
339.41798
339.37462
339.36632
339.35654
339.35143
339.3473
339.34388
339.34133
339.33896
339.33712
339.3353
339.3339
339.3324
339.3313
339.33001
339.32913
339.328
339.32729
339.32627
339.32568
339.32476
339.32427
339.32342
339.32301
339.32222
339.32187
339.32113
339.32084
339.32013
339.31989
339.31922
339.31901
339.31837
339.31819
339.31757
339.31743
339.31683
339.3167
339.31612
339.31602
339.31545
339.31537
339.3148
339.31474
339.31418
339.31413
339.31357
339.31354
339.31297
339.40979
339.32623
339.31154
339.30879
339.30552
339.30382
339.30244
339.3013
339.30045
339.29966
339.29904
339.29844
339.29797
339.29747
339.2971
339.29667
339.29638
339.296
339.29576
339.29543
339.29523
339.29492
339.29476
339.29447
339.29434
339.29407
339.29396
339.29371
339.29361
339.29338
339.2933
339.29307
339.293
339.29279
339.29273
339.29253
339.29248
339.29228
339.29224
339.29204
339.29201
339.29182
339.29179
339.2916
339.29158
339.29139
339.29138
339.29119
339.29118
339.29099
)
;

boundaryField
{
    inlet
    {
        type            fixedValue;
        value           uniform 339.9;
    }
    outlet
    {
        type            zeroGradient;
    }
    wall_membrane
    {
        type            groovyBC;
        refValue        nonuniform List<scalar> 
50
(
330.08394
330.04872
330.0135
329.97828
329.94306
329.90784
329.87262
329.8374
329.80218
329.76696
329.73174
329.69652
329.6613
329.62608
329.59086
329.55564
329.52042
329.4852
329.44998
329.41476
329.37954
329.34432
329.3091
329.27388
329.23866
329.20344
329.16822
329.133
329.09778
329.06256
329.02734
328.99212
328.9569
328.92168
328.88646
328.85124
328.81602
328.7808
328.74557
328.71035
328.67513
328.63991
328.60469
328.56947
328.53425
328.49903
328.46381
328.42859
328.39337
328.35815
)
;
        refGradient     uniform 0;
        valueFraction   uniform 1;
        source          uniform 0;
        value           nonuniform List<scalar> 
50
(
330.08394
330.04872
330.0135
329.97828
329.94306
329.90784
329.87262
329.8374
329.80218
329.76696
329.73174
329.69652
329.6613
329.62608
329.59086
329.55564
329.52042
329.4852
329.44998
329.41476
329.37954
329.34432
329.3091
329.27388
329.23866
329.20344
329.16822
329.133
329.09778
329.06256
329.02734
328.99212
328.9569
328.92168
328.88646
328.85124
328.81602
328.7808
328.74557
328.71035
328.67513
328.63991
328.60469
328.56947
328.53425
328.49903
328.46381
328.42859
328.39337
328.35815
)
;
        valueExpression "Tm";
        gradientExpression "0";
        fractionExpression "1";
        evaluateDuringConstruction 0;
        cyclicSlave     0;
        variables       
12
(
"T_a=339.9;"
"L=0.15;"
"Tp_in=301.5;"
"Tp_out=307.35;"
"T_p=Tp_out-(Tp_out-Tp_in)/L*pos().x;"
"delta_mem=0.0001;"
"lambda_mem=0.053;"
"lambda_alim=0.66;"
"delta_alim=0.001;"
"h_agua=613;"
"h_ef=(lambda_alim/delta_alim)*(1/h_agua+delta_mem/lambda_mem);"
"Tm=((Tp_out-(Tp_out-Tp_in)/L*pos().x)+h_ef*T_a)/(1+h_ef);"
)
;
        timelines       (
);
        lookuptables    (
);
        lookuptables2D  (
);
    }
    wall_up
    {
        type            groovyBC;
        refValue        uniform 339.28;
        refGradient     uniform 0;
        valueFraction   uniform 1;
        source          uniform 0;
        value           uniform 339.28;
        valueExpression "T_m";
        gradientExpression "0";
        fractionExpression "1";
        evaluateDuringConstruction 0;
        cyclicSlave     0;
        variables       
10
(
"T_a=339.9;"
"Text=298;"
"L=0.15;"
"delta_ext=0.0132;"
"lambda_ext=15;"
"lambda_alim=0.66;"
"delta_alim=0.001;"
"h_ext=10;"
"h_ef=lambda_alim/delta_alim*(1/h_ext+delta_ext/lambda_ext);"
"T_m=(Text+h_ef*T_a)/(1+h_ef);"
)
;
        timelines       (
);
        lookuptables    (
);
        lookuptables2D  (
);
    }
    sides
    {
        type            empty;
    }
}


// ************************************************************************* //
